1690374688248 -37127
1690374688258 -37128
1690374688268 -37127
1690374688278 -37128
1690374688288 -37124
1690374688298 -37125
1690374688308 -37125
1690374688318 -37122
1690374688328 -37122
1690374688338 -37121
1690374688348 -37122
1690374688358 -37122
1690374688368 -37124
1690374688378 -37121
1690374688388 -37121
1690374688398 -37121
1690374688408 -37121
1690374688418 -37122
1690374688428 -37121
1690374688438 -37121
1690374688448 -37120
1690374688458 -37117
1690374688468 -37117
1690374688478 -37120
1690374688488 -37121
1690374688498 -37120
1690374688508 -37119
1690374688518 -37119
1690374688528 -37116
1690374688538 -37117
1690374688548 -37118
1690374688558 -37115
1690374688568 -37115
1690374688578 -37117
1690374688588 -37115
1690374688598 -37115
1690374688608 -37115
1690374688618 -37118
1690374688628 -37118
1690374688638 -37118
1690374688648 -37119
1690374688658 -37118
1690374688668 -37118
1690374688678 -37118
1690374688688 -37117
1690374688698 -37117
1690374688708 -37116
1690374688718 -37116
1690374688728 -37119
1690374688738 -37118
1690374688748 -37118
1690374688758 -37119
1690374688768 -37120
1690374688778 -37119
1690374688788 -37119
1690374688798 -37118
1690374688808 -37119
1690374688818 -37120
1690374688828 -37120
1690374688838 -37121
1690374688848 -37121
1690374688858 -37120
1690374688868 -37122
1690374688878 -37124
1690374688888 -37123
1690374688898 -37121
1690374688908 -37124
1690374688918 -37124
1690374688928 -37125
1690374688938 -37125
1690374688948 -37125
1690374688958 -37126
1690374688968 -37124
1690374688978 -37125
1690374688988 -37125
1690374688998 -37125
1690374689008 -37125
1690374689018 -37124
1690374689028 -37126
1690374689038 -37125
1690374689048 -37124
1690374689058 -37125
1690374689068 -37124
1690374689078 -37127
1690374689088 -37127
1690374689098 -37127
1690374689108 -37125
1690374689118 -37127
1690374689128 -37129
1690374689138 -37128
1690374689148 -37128
1690374689158 -37128
1690374689168 -37129
1690374689178 -37128
1690374689188 -37130
1690374689198 -37130
1690374689208 -37130
1690374689218 -37131
1690374689228 -37130
1690374689238 -37132
1690374689248 -37134
1690374689258 -37134
1690374689268 -37133
1690374689278 -37134
1690374689288 -37136
1690374689298 -37135
1690374689308 -37136
1690374689318 -37136
1690374689328 -37133
1690374689338 -37136
1690374689348 -37136
1690374689358 -37138
1690374689368 -37140
1690374689378 -37139
1690374689388 -37139
1690374689398 -37141
1690374689408 -37142
1690374689418 -37142
1690374689428 -37143
1690374689438 -37143
1690374689448 -37140
1690374689458 -37141
1690374689468 -37139
1690374689478 -37138
1690374689488 -37139
1690374689498 -37141
1690374689508 -37142
1690374689518 -37140
1690374689528 -37143
1690374689538 -37142
1690374689548 -37140
1690374689558 -37141
1690374689568 -37141
1690374689578 -37142
1690374689588 -37140
1690374689598 -37140
1690374689608 -37143
1690374689618 -37143
1690374689628 -37144
1690374689638 -37144
1690374689648 -37144
1690374689658 -37145
1690374689668 -37143
1690374689678 -37143
1690374689688 -37146
1690374689698 -37145
1690374689708 -37145
1690374689718 -37147
1690374689728 -37148
1690374689738 -37149
1690374689748 -37146
1690374689758 -37146
1690374689768 -37146
1690374689778 -37145
1690374689788 -37146
1690374689798 -37147
1690374689808 -37147
1690374689818 -37146
1690374689828 -37144
1690374689838 -37145
1690374689848 -37146
1690374689858 -37145
1690374689868 -37147
1690374689878 -37146
1690374689888 -37147
1690374689898 -37147
1690374689908 -37146
1690374689918 -37147
1690374689928 -37145
1690374689938 -37145
1690374689948 -37144
1690374689958 -37146
1690374689968 -37146
1690374689978 -37147
1690374689988 -37147
1690374689998 -37145
1690374690008 -37146
1690374690018 -37144
1690374690028 -37144
1690374690038 -37145
1690374690048 -37145
1690374690058 -37145
1690374690068 -37145
1690374690078 -37144
1690374690088 -37144
1690374690098 -37145
1690374690108 -37145
1690374690118 -37142
1690374690128 -37143
1690374690138 -37144
1690374690148 -37143
1690374690158 -37143
1690374690168 -37142
1690374690178 -37140
1690374690188 -37141
1690374690198 -37142
1690374690208 -37141
1690374690218 -37141
1690374690228 -37142
1690374690238 -37140
1690374690248 -37140
1690374690258 -37142
1690374690268 -37144
1690374690278 -37144
1690374690288 -37142
1690374690298 -37142
1690374690308 -37141
1690374690318 -37142
1690374690328 -37144
1690374690338 -37143
1690374690348 -37144
1690374690358 -37142
1690374690368 -37142
1690374690378 -37139
1690374690388 -37139
1690374690398 -37141
1690374690408 -37141
1690374690418 -37139
1690374690428 -37140
1690374690438 -37138
1690374690448 -37137
1690374690458 -37140
1690374690468 -37141
1690374690478 -37138
1690374690488 -37138
1690374690498 -37138
1690374690508 -37136
1690374690518 -37136
1690374690528 -37135
1690374690538 -37136
1690374690548 -37135
1690374690558 -37137
1690374690568 -37137
1690374690578 -37135
1690374690588 -37136
1690374690598 -37136
1690374690608 -37136
1690374690618 -37136
1690374690628 -37135
1690374690638 -37136
1690374690648 -37135
1690374690658 -37132
1690374690668 -37135
1690374690678 -37134
1690374690688 -37134
1690374690698 -37133
1690374690708 -37132
1690374690718 -37132
1690374690728 -37133
1690374690738 -37131
1690374690748 -37132
1690374690758 -37130
1690374690768 -37129
1690374690778 -37131
1690374690788 -37128
1690374690798 -37128
1690374690808 -37129
1690374690818 -37128
1690374690828 -37125
1690374690838 -37126
1690374690848 -37126
1690374690858 -37125
1690374690868 -37124
1690374690878 -37123
1690374690888 -37125
1690374690898 -37124
1690374690908 -37123
1690374690918 -37124
1690374690928 -37121
1690374690938 -37123
1690374690948 -37124
1690374690958 -37123
1690374690968 -37123
1690374690978 -37123
1690374690988 -37124
1690374690998 -37122
1690374691008 -37122
1690374691018 -37122
1690374691028 -37123
1690374691038 -37122
1690374691048 -37120
1690374691058 -37119
1690374691068 -37119
1690374691078 -37119
1690374691088 -37121
1690374691098 -37119
1690374691108 -37119
1690374691118 -37117
1690374691128 -37117
1690374691138 -37120
1690374691148 -37118
1690374691158 -37116
1690374691168 -37117
1690374691178 -37116
1690374691188 -37115
1690374691198 -37116
1690374691208 -37113
1690374691218 -37114
1690374691228 -37115
1690374691238 -37116
1690374691248 -37114
1690374691258 -37114
1690374691268 -37113
1690374691278 -37113
1690374691288 -37112
1690374691298 -37112
1690374691308 -37115
1690374691318 -37113
1690374691328 -37112
1690374691338 -37112
1690374691348 -37113
1690374691358 -37113
1690374691368 -37114
1690374691378 -37113
1690374691388 -37114
1690374691398 -37114
1690374691408 -37114
1690374691418 -37113
1690374691428 -37112
1690374691438 -37112
1690374691448 -37112
1690374691458 -37111
1690374691468 -37111
1690374691478 -37112
1690374691488 -37112
1690374691498 -37113
1690374691508 -37113
1690374691518 -37112
1690374691528 -37113
1690374691538 -37112
1690374691548 -37114
1690374691558 -37113
1690374691568 -37112
1690374691578 -37110
1690374691588 -37110
1690374691598 -37112
1690374691608 -37110
1690374691618 -37110
1690374691628 -37113
1690374691638 -37115
1690374691648 -37115
1690374691658 -37115
1690374691668 -37117
1690374691678 -37117
1690374691688 -37115
1690374691698 -37116
1690374691708 -37116
1690374691718 -37118
1690374691728 -37115
1690374691738 -37116
1690374691748 -37116
1690374691758 -37118
1690374691768 -37118
1690374691778 -37120
1690374691788 -37121
1690374691798 -37122
1690374691808 -37125
1690374691818 -37122
1690374691828 -37121
1690374691838 -37120
1690374691848 -37122
1690374691858 -37120
1690374691868 -37122
1690374691878 -37120
1690374691888 -37121
1690374691898 -37122
1690374691908 -37121
1690374691918 -37123
1690374691928 -37121
1690374691938 -37123
1690374691948 -37121
1690374691958 -37119
1690374691968 -37121
1690374691978 -37121
1690374691988 -37120
1690374691998 -37122
1690374692008 -37123
1690374692018 -37122
1690374692028 -37123
1690374692038 -37123
1690374692048 -37123
1690374692058 -37122
1690374692068 -37123
1690374692078 -37125
1690374692088 -37125
1690374692098 -37122
1690374692108 -37121
1690374692118 -37124
1690374692128 -37125
1690374692138 -37126
1690374692148 -37126
1690374692158 -37127
1690374692168 -37127
1690374692178 -37127
1690374692188 -37129
1690374692198 -37129
1690374692208 -37127
1690374692218 -37127
1690374692228 -37127
1690374692238 -37126
1690374692248 -37128
1690374692258 -37127
1690374692268 -37125
1690374692278 -37123
1690374692288 -37122
1690374692298 -37124
1690374692308 -37123
1690374692318 -37124
1690374692328 -37126
1690374692338 -37127
1690374692348 -37128
1690374692358 -37127
1690374692368 -37125
1690374692378 -37126
1690374692388 -37126
1690374692398 -37126
1690374692408 -37126
1690374692418 -37128
1690374692428 -37128
1690374692438 -37129
1690374692448 -37130
1690374692458 -37127
1690374692468 -37128
1690374692478 -37130
1690374692488 -37129
1690374692498 -37132
1690374692508 -37132
1690374692518 -37133
1690374692528 -37132
1690374692538 -37133
1690374692548 -37134
1690374692558 -37135
1690374692568 -37138
1690374692578 -37134
1690374692588 -37134
1690374692598 -37134
1690374692608 -37137
1690374692618 -37136
1690374692628 -37136
1690374692638 -37136
1690374692648 -37134
1690374692658 -37132
1690374692668 -37133
1690374692678 -37136
1690374692688 -37135
1690374692698 -37135
1690374692708 -37134
1690374692718 -37136
1690374692728 -37135
1690374692738 -37137
1690374692748 -37136
1690374692758 -37136
1690374692768 -37136
1690374692778 -37134
1690374692788 -37136
1690374692798 -37137
1690374692808 -37136
1690374692818 -37136
1690374692828 -37136
1690374692838 -37137
1690374692848 -37136
1690374692858 -37135
1690374692868 -37138
1690374692878 -37138
1690374692888 -37142
1690374692898 -37140
1690374692908 -37140
1690374692918 -37140
1690374692928 -37141
1690374692938 -37142
1690374692948 -37141
1690374692958 -37141
1690374692968 -37138
1690374692978 -37141
1690374692988 -37140
1690374692998 -37142
1690374693008 -37142
1690374693018 -37142
1690374693028 -37142
1690374693038 -37141
1690374693048 -37140
1690374693058 -37137
1690374693068 -37136
1690374693078 -37134
1690374693088 -37134
1690374693098 -37133
1690374693108 -37133
1690374693118 -37134
1690374693128 -37134
1690374693138 -37134
1690374693148 -37132
1690374693158 -37132
1690374693168 -37132
1690374693178 -37133
1690374693188 -37132
1690374693198 -37134
1690374693208 -37134
1690374693218 -37134
1690374693228 -37136
1690374693238 -37134
1690374693248 -37134
1690374693258 -37133
1690374693268 -37134
1690374693278 -37134
1690374693288 -37133
1690374693298 -37131
1690374693308 -37132
1690374693318 -37133
1690374693328 -37132
1690374693338 -37134
1690374693348 -37133
1690374693358 -37132
1690374693368 -37133
1690374693378 -37131
1690374693388 -37131
1690374693398 -37130
1690374693408 -37131
1690374693418 -37132
1690374693428 -37129
1690374693438 -37130
1690374693448 -37128
1690374693458 -37128
1690374693468 -37129
1690374693478 -37127
1690374693488 -37127
1690374693498 -37128
1690374693508 -37125
1690374693518 -37124
1690374693528 -37124
1690374693538 -37126
1690374693548 -37126
1690374693558 -37126
1690374693568 -37128
1690374693578 -37127
1690374693588 -37126
1690374693598 -37124
1690374693608 -37124
1690374693618 -37124
1690374693628 -37123
1690374693638 -37125
1690374693648 -37124
1690374693658 -37124
1690374693668 -37123
1690374693678 -37122
1690374693688 -37126
1690374693698 -37125
1690374693708 -37124
1690374693718 -37122
1690374693728 -37121
1690374693738 -37120
1690374693748 -37121
1690374693758 -37121
1690374693768 -37121
1690374693778 -37121
1690374693788 -37122
1690374693798 -37122
1690374693808 -37122
1690374693818 -37122
1690374693828 -37120
1690374693838 -37123
1690374693848 -37122
1690374693858 -37123
1690374693868 -37124
1690374693878 -37122
1690374693888 -37120
1690374693898 -37120
1690374693908 -37119
1690374693918 -37118
1690374693928 -37120
1690374693938 -37120
1690374693948 -37120
1690374693958 -37120
1690374693968 -37118
1690374693978 -37121
1690374693988 -37119
1690374693998 -37121
1690374694008 -37122
1690374694018 -37119
1690374694028 -37122
1690374694038 -37121
1690374694048 -37122
1690374694058 -37123
1690374694068 -37120
1690374694078 -37123
1690374694088 -37121
1690374694098 -37121
1690374694108 -37122
1690374694118 -37120
1690374694128 -37120
1690374694138 -37121
1690374694148 -37121
1690374694158 -37119
1690374694168 -37121
1690374694178 -37122
1690374694188 -37123
1690374694198 -37122
1690374694208 -37122
1690374694218 -37120
1690374694228 -37120
1690374694238 -37122
1690374694248 -37121
1690374694258 -37123
1690374694268 -37121
1690374694278 -37123
1690374694288 -37120
1690374694298 -37121
1690374694308 -37122
1690374694318 -37122
1690374694328 -37123
1690374694338 -37123
1690374694348 -37123
1690374694358 -37123
1690374694368 -37126
1690374694378 -37127
1690374694388 -37127
1690374694398 -37126
1690374694408 -37127
1690374694418 -37128
1690374694428 -37130
1690374694438 -37129
1690374694448 -37131
1690374694458 -37131
1690374694468 -37130
1690374694478 -37130
1690374694488 -37130
1690374694498 -37130
1690374694508 -37129
1690374694518 -37131
1690374694528 -37130
1690374694538 -37132
1690374694548 -37132
1690374694558 -37132
1690374694568 -37133
1690374694578 -37133
1690374694588 -37133
1690374694598 -37135
1690374694608 -37134
1690374694618 -37133
1690374694628 -37131
1690374694638 -37130
1690374694648 -37133
1690374694658 -37134
1690374694668 -37135
1690374694678 -37137
1690374694688 -37137
1690374694698 -37136
1690374694708 -37136
1690374694718 -37137
1690374694728 -37137
1690374694738 -37133
1690374694748 -37134
1690374694758 -37134
1690374694768 -37134
1690374694778 -37136
1690374694788 -37137
1690374694798 -37134
1690374694808 -37134
1690374694818 -37136
1690374694828 -37135
1690374694838 -37135
1690374694848 -37135
1690374694858 -37138
1690374694868 -37138
1690374694878 -37138
1690374694888 -37137
1690374694898 -37137
1690374694908 -37138
1690374694918 -37141
1690374694928 -37139
1690374694938 -37137
1690374694948 -37138
1690374694958 -37137
1690374694968 -37139
1690374694978 -37139
1690374694988 -37139
1690374694998 -37138
1690374695008 -37138
1690374695018 -37139
1690374695028 -37141
1690374695038 -37142
1690374695048 -37140
1690374695058 -37139
1690374695068 -37138
1690374695078 -37136
1690374695088 -37137
1690374695098 -37137
1690374695108 -37137
1690374695118 -37140
1690374695128 -37139
1690374695138 -37141
1690374695148 -37140
1690374695158 -37142
1690374695168 -37144
1690374695178 -37145
1690374695188 -37146
1690374695198 -37145
1690374695208 -37144
1690374695218 -37147
1690374695228 -37147
1690374695238 -37145
1690374695248 -37146
1690374695258 -37144
1690374695268 -37144
1690374695278 -37143
1690374695288 -37143
1690374695298 -37144
1690374695308 -37146
1690374695318 -37145
1690374695328 -37146
1690374695338 -37146
1690374695348 -37145
1690374695358 -37143
1690374695368 -37146
1690374695378 -37146
1690374695388 -37146
1690374695398 -37148
1690374695408 -37148
1690374695418 -37146
1690374695428 -37143
1690374695438 -37143
1690374695448 -37143
1690374695458 -37145
1690374695468 -37147
1690374695478 -37146
1690374695488 -37147
1690374695498 -37147
1690374695508 -37149
1690374695518 -37147
1690374695528 -37148
1690374695538 -37149
1690374695548 -37149
1690374695558 -37147
1690374695568 -37146
1690374695578 -37148
1690374695588 -37147
1690374695598 -37150
1690374695608 -37149
1690374695618 -37149
1690374695628 -37148
1690374695638 -37146
1690374695648 -37147
1690374695658 -37146
1690374695668 -37149
1690374695678 -37149
1690374695688 -37149
1690374695698 -37150
1690374695708 -37149
1690374695718 -37148
1690374695728 -37148
1690374695738 -37147
1690374695748 -37147
1690374695758 -37147
1690374695768 -37148
1690374695778 -37145
1690374695788 -37147
1690374695798 -37147
1690374695808 -37147
1690374695818 -37148
1690374695828 -37148
1690374695838 -37150
1690374695848 -37146
1690374695858 -37149
1690374695868 -37147
1690374695878 -37146
1690374695888 -37144
1690374695898 -37145
1690374695908 -37148
1690374695918 -37149
1690374695928 -37151
1690374695938 -37148
1690374695948 -37146
1690374695958 -37146
1690374695968 -37147
1690374695978 -37147
1690374695988 -37150
1690374695998 -37147
1690374696008 -37147
1690374696018 -37147
1690374696028 -37148
1690374696038 -37146
1690374696048 -37147
1690374696058 -37149
1690374696068 -37150
1690374696078 -37150
1690374696088 -37148
1690374696098 -37149
1690374696108 -37145
1690374696118 -37147
1690374696128 -37146
1690374696138 -37146
1690374696148 -37148
1690374696158 -37146
1690374696168 -37145
1690374696178 -37144
1690374696188 -37143
1690374696198 -37145
1690374696208 -37144
1690374696218 -37144
1690374696228 -37145
1690374696238 -37145
1690374696248 -37146
1690374696258 -37146
1690374696268 -37145
1690374696278 -37145
1690374696288 -37147
1690374696298 -37149
1690374696308 -37149
1690374696318 -37151
1690374696328 -37151
1690374696338 -37150
1690374696348 -37150
1690374696358 -37148
1690374696368 -37148
1690374696378 -37150
1690374696388 -37151
1690374696398 -37148
1690374696408 -37149
1690374696418 -37148
1690374696428 -37146
1690374696438 -37146
1690374696448 -37144
1690374696458 -37141
1690374696468 -37143
1690374696478 -37142
1690374696488 -37141
1690374696498 -37143
1690374696508 -37140
1690374696518 -37141
1690374696528 -37142
1690374696538 -37143
1690374696548 -37144
1690374696558 -37143
1690374696568 -37144
1690374696578 -37144
1690374696588 -37143
1690374696598 -37143
1690374696608 -37141
1690374696618 -37141
1690374696628 -37140
1690374696638 -37141
1690374696648 -37144
1690374696658 -37142
1690374696668 -37142
1690374696678 -37140
1690374696688 -37141
1690374696698 -37139
1690374696708 -37138
1690374696718 -37138
1690374696728 -37136
1690374696738 -37135
1690374696748 -37135
1690374696758 -37135
1690374696768 -37134
1690374696778 -37134
1690374696788 -37132
1690374696798 -37132
1690374696808 -37132
1690374696818 -37131
1690374696828 -37132
1690374696838 -37127
1690374696848 -37128
1690374696858 -37128
1690374696868 -37129
1690374696878 -37128
1690374696888 -37128
1690374696898 -37127
1690374696908 -37127
1690374696918 -37127
1690374696928 -37122
1690374696938 -37125
1690374696948 -37125
1690374696958 -37125
1690374696968 -37128
1690374696978 -37125
1690374696988 -37127
1690374696998 -37128
1690374697008 -37126
1690374697018 -37126
1690374697028 -37127
1690374697038 -37125
1690374697048 -37125
1690374697058 -37125
1690374697068 -37123
1690374697078 -37124
1690374697088 -37122
1690374697098 -37122
1690374697108 -37121
1690374697118 -37122
1690374697128 -37122
1690374697138 -37120
1690374697148 -37123
1690374697158 -37122
1690374697168 -37119
1690374697178 -37117
1690374697188 -37117
1690374697198 -37117
1690374697208 -37118
1690374697218 -37119
1690374697228 -37121
1690374697238 -37121
1690374697248 -37121
1690374697258 -37120
1690374697268 -37118
1690374697278 -37117
1690374697288 -37115
1690374697298 -37117
1690374697308 -37117
1690374697318 -37119
1690374697328 -37120
1690374697338 -37116
1690374697348 -37118
1690374697358 -37117
1690374697368 -37119
1690374697378 -37119
1690374697388 -37118
1690374697398 -37118
1690374697408 -37118
1690374697418 -37119
1690374697428 -37118
1690374697438 -37118
1690374697448 -37120
1690374697458 -37120
1690374697468 -37121
1690374697478 -37119
1690374697488 -37120
1690374697498 -37118
1690374697508 -37116
1690374697518 -37119
1690374697528 -37118
1690374697538 -37119
1690374697548 -37117
1690374697558 -37118
1690374697568 -37120
1690374697578 -37121
1690374697588 -37121
1690374697598 -37121
1690374697608 -37122
1690374697618 -37119
1690374697628 -37118
1690374697638 -37120
1690374697648 -37122
1690374697658 -37125
1690374697668 -37126
1690374697678 -37125
1690374697688 -37125
1690374697698 -37123
1690374697708 -37123
1690374697718 -37123
1690374697728 -37124
1690374697738 -37125
1690374697748 -37127
1690374697758 -37128
1690374697768 -37128
1690374697778 -37127
1690374697788 -37127
1690374697798 -37129
1690374697808 -37129
1690374697818 -37130
1690374697828 -37127
1690374697838 -37125
1690374697848 -37125
1690374697858 -37125
1690374697868 -37128
1690374697878 -37126
1690374697888 -37127
1690374697898 -37127
1690374697908 -37127
1690374697918 -37128
1690374697928 -37129
1690374697938 -37133
1690374697948 -37131
1690374697958 -37133
1690374697968 -37133
1690374697978 -37133
1690374697988 -37133
1690374697998 -37136
1690374698008 -37134
1690374698018 -37136
1690374698028 -37137
1690374698038 -37135
1690374698048 -37137
1690374698058 -37136
1690374698068 -37139
1690374698078 -37139
1690374698088 -37140
1690374698098 -37140
1690374698108 -37139
1690374698118 -37139
1690374698128 -37140
1690374698138 -37142
1690374698148 -37139
1690374698158 -37140
1690374698168 -37142
1690374698178 -37144
1690374698188 -37145
1690374698198 -37146
1690374698208 -37145
1690374698218 -37143
1690374698228 -37141
1690374698238 -37143
1690374698248 -37146
1690374698258 -37144
1690374698268 -37146
1690374698278 -37146
1690374698288 -37145
1690374698298 -37148
1690374698308 -37150
1690374698318 -37151
1690374698328 -37152
1690374698338 -37150
1690374698348 -37149
1690374698358 -37150
1690374698368 -37150
1690374698378 -37149
1690374698388 -37149
1690374698398 -37150
1690374698408 -37150
1690374698418 -37150
1690374698428 -37153
1690374698438 -37153
1690374698448 -37151
1690374698458 -37149
1690374698468 -37148
1690374698478 -37149
1690374698488 -37146
1690374698498 -37148
1690374698508 -37146
1690374698518 -37147
1690374698528 -37145
1690374698538 -37148
1690374698548 -37148
1690374698558 -37145
1690374698568 -37145
1690374698578 -37143
1690374698588 -37144
1690374698598 -37143
1690374698608 -37146
1690374698618 -37145
1690374698628 -37145
1690374698638 -37145
1690374698648 -37141
1690374698658 -37139
1690374698668 -37140
1690374698678 -37139
1690374698688 -37141
1690374698698 -37141
1690374698708 -37141
1690374698718 -37142
1690374698728 -37142
1690374698738 -37143
1690374698748 -37141
1690374698758 -37142
1690374698768 -37138
1690374698778 -37136
1690374698788 -37136
1690374698798 -37135
1690374698808 -37135
1690374698818 -37136
1690374698828 -37137
1690374698838 -37137
1690374698848 -37137
1690374698858 -37137
1690374698868 -37135
1690374698878 -37133
1690374698888 -37136
1690374698898 -37134
1690374698908 -37133
1690374698918 -37131
1690374698928 -37129
1690374698938 -37130
1690374698948 -37127
1690374698958 -37131
1690374698968 -37131
1690374698978 -37131
1690374698988 -37129
1690374698998 -37128
1690374699008 -37128
1690374699018 -37129
1690374699028 -37129
1690374699038 -37125
1690374699048 -37124
1690374699058 -37123
1690374699068 -37124
1690374699078 -37126
1690374699088 -37128
1690374699098 -37127
1690374699108 -37130
1690374699118 -37128
1690374699128 -37123
1690374699138 -37121
1690374699148 -37117
1690374699158 -37118
1690374699168 -37120
1690374699178 -37122
1690374699188 -37124
1690374699198 -37123
1690374699208 -37120
1690374699218 -37116
1690374699228 -37115
1690374699238 -37116
1690374699248 -37120
1690374699258 -37120
1690374699268 -37117
1690374699278 -37112
1690374699288 -37112
1690374699298 -37113
1690374699308 -37116
1690374699318 -37117
1690374699328 -37112
1690374699338 -37114
1690374699348 -37113
1690374699358 -37110
1690374699368 -37111
1690374699378 -37113
1690374699388 -37113
1690374699398 -37112
1690374699408 -37114
1690374699418 -37111
1690374699428 -37108
1690374699438 -37107
1690374699448 -37105
1690374699458 -37107
1690374699468 -37104
1690374699478 -37106
1690374699488 -37113
1690374699498 -37115
1690374699508 -37113
1690374699518 -37108
1690374699528 -37109
1690374699538 -37107
1690374699548 -37107
1690374699558 -37107
1690374699568 -37102
1690374699578 -37106
1690374699588 -37110
1690374699598 -37111
1690374699608 -37107
1690374699618 -37107
1690374699628 -37107
1690374699638 -37105
1690374699648 -37106
1690374699658 -37107
1690374699668 -37109
1690374699678 -37113
1690374699688 -37113
1690374699698 -37114
1690374699708 -37117
1690374699718 -37114
1690374699728 -37107
1690374699738 -37106
1690374699748 -37120
1690374699758 -37130
1690374699768 -37116
1690374699778 -37088
1690374699788 -37064
1690374699798 -37067
1690374699808 -37085
1690374699818 -37115
1690374699828 -37135
1690374699838 -37137
1690374699848 -37140
1690374699858 -37106
1690374699868 -37089
1690374699878 -37094
1690374699888 -37109
1690374699898 -37120
1690374699908 -37115
1690374699918 -37132
1690374699928 -37143
1690374699938 -37126
1690374699948 -37107
1690374699958 -37089
1690374699968 -37111
1690374699978 -37125
1690374699988 -37099
1690374699998 -37111
1690374700008 -37127
1690374700018 -37119
1690374700028 -37104
1690374700038 -37101
1690374700048 -37112
1690374700058 -37135
1690374700068 -37137
1690374700078 -37136
1690374700088 -37148
1690374700098 -37146
1690374700108 -37110
1690374700118 -37062
1690374700128 -37080
1690374700138 -37125
1690374700148 -37133
1690374700158 -37127
1690374700168 -37125
1690374700178 -37102
1690374700188 -37107
1690374700198 -37135
1690374700208 -37146
1690374700218 -37155
1690374700228 -37165
1690374700238 -37129
1690374700248 -37079
1690374700258 -37085
1690374700268 -37109
1690374700278 -37165
1690374700288 -37209
1690374700298 -37169
1690374700308 -37108
1690374700318 -37086
1690374700328 -37118
1690374700338 -37153
1690374700348 -37137
1690374700358 -37132
1690374700368 -37161
1690374700378 -37141
1690374700388 -37093
1690374700398 -37121
1690374700408 -37162
1690374700418 -37128
1690374700428 -37062
1690374700438 -37009
1690374700448 -37047
1690374700458 -37134
1690374700468 -37151
1690374700478 -37248
1690374700488 -37331
1690374700498 -37170
1690374700508 -37022
1690374700518 -37058
1690374700528 -37099
1690374700538 -37095
1690374700548 -37131
1690374700558 -37136
1690374700568 -37011
1690374700578 -36968
1690374700588 -37145
1690374700598 -37252
1690374700608 -37218
1690374700618 -37169
1690374700628 -37036
1690374700638 -36967
1690374700648 -37118
1690374700658 -37208
1690374700668 -37394
1690374700678 -37572
1690374700688 -37295
1690374700698 -36893
1690374700708 -36773
1690374700718 -37044
1690374700728 -37306
1690374700738 -37097
1690374700748 -36824
1690374700758 -36936
1690374700768 -37109
1690374700778 -37210
1690374700788 -37185
1690374700798 -37030
1690374700808 -37000
1690374700818 -37002
1690374700828 -37059
1690374700838 -37343
1690374700848 -37515
1690374700858 -37226
1690374700868 -36870
1690374700878 -36944
1690374700888 -37280
1690374700898 -37434
1690374700908 -37447
1690374700918 -37449
1690374700928 -37327
1690374700938 -37160
1690374700948 -37031
1690374700958 -36830
1690374700968 -36800
1690374700978 -37037
1690374700988 -37227
1690374700998 -37312
1690374701008 -37264
1690374701018 -37139
1690374701028 -37107
1690374701038 -37131
1690374701048 -37123
1690374701058 -37099
1690374701068 -36958
1690374701078 -36773
1690374701088 -36792
1690374701098 -37039
1690374701108 -37312
1690374701118 -37359
1690374701128 -37256
1690374701138 -37181
1690374701148 -37148
1690374701158 -37190
1690374701168 -37265
1690374701178 -37166
1690374701188 -36940
1690374701198 -36981
1690374701208 -37214
1690374701218 -37317
1690374701228 -37278
1690374701238 -37091
1690374701248 -36873
1690374701258 -36827
1690374701268 -37007
1690374701278 -37225
1690374701288 -37314
1690374701298 -37307
1690374701308 -37296
1690374701318 -37273
1690374701328 -37189
1690374701338 -37104
1690374701348 -37051
1690374701358 -37020
1690374701368 -37019
1690374701378 -37011
1690374701388 -36996
1690374701398 -37054
1690374701408 -37177
1690374701418 -37247
1690374701428 -37174
1690374701438 -37045
1690374701448 -36992
1690374701458 -37044
1690374701468 -37155
1690374701478 -37214
1690374701488 -37135
1690374701498 -36967
1690374701508 -36864
1690374701518 -36936
1690374701528 -37102
1690374701538 -37220
1690374701548 -37253
1690374701558 -37187
1690374701568 -37084
1690374701578 -37048
1690374701588 -37103
1690374701598 -37163
1690374701608 -37149
1690374701618 -37104
1690374701628 -37099
1690374701638 -37151
1690374701648 -37198
1690374701658 -37170
1690374701668 -37096
1690374701678 -37064
1690374701688 -37068
1690374701698 -37082
1690374701708 -37091
1690374701718 -37078
1690374701728 -37073
1690374701738 -37060
1690374701748 -37032
1690374701758 -37041
1690374701768 -37116
1690374701778 -37198
1690374701788 -37229
1690374701798 -37206
1690374701808 -37152
1690374701818 -37093
1690374701828 -37049
1690374701838 -37032
1690374701848 -37049
1690374701858 -37094
1690374701868 -37103
1690374701878 -37099
1690374701888 -37095
1690374701898 -37092
1690374701908 -37128
1690374701918 -37155
1690374701928 -37159
1690374701938 -37157
1690374701948 -37134
1690374701958 -37074
1690374701968 -37039
1690374701978 -37053
1690374701988 -37060
1690374701998 -37047
1690374702008 -37025
1690374702018 -37035
1690374702028 -37061
1690374702038 -37066
1690374702048 -37060
1690374702058 -37059
1690374702068 -37070
1690374702078 -37105
1690374702088 -37148
1690374702098 -37155
1690374702108 -37144
1690374702118 -37135
1690374702128 -37118
1690374702138 -37108
1690374702148 -37112
1690374702158 -37115
1690374702168 -37123
1690374702178 -37141
1690374702188 -37144
1690374702198 -37117
1690374702208 -37084
1690374702218 -37071
1690374702228 -37079
1690374702238 -37076
1690374702248 -37073
1690374702258 -37098
1690374702268 -37126
1690374702278 -37113
1690374702288 -37079
1690374702298 -37063
1690374702308 -37057
1690374702318 -37052
1690374702328 -37059
1690374702338 -37094
1690374702348 -37120
1690374702358 -37119
1690374702368 -37096
1690374702378 -37083
1690374702388 -37089
1690374702398 -37082
1690374702408 -37080
1690374702418 -37099
1690374702428 -37112
1690374702438 -37119
1690374702448 -37125
1690374702458 -37117
1690374702468 -37101
1690374702478 -37090
1690374702488 -37088
1690374702498 -37095
1690374702508 -37094
1690374702518 -37089
1690374702528 -37094
1690374702538 -37102
1690374702548 -37116
1690374702558 -37135
1690374702568 -37140
1690374702578 -37126
1690374702588 -37118
1690374702598 -37107
1690374702608 -37090
1690374702618 -37079
1690374702628 -37088
1690374702638 -37110
1690374702648 -37120
1690374702658 -37110
1690374702668 -37107
1690374702678 -37116
1690374702688 -37115
1690374702698 -37123
1690374702708 -37130
1690374702718 -37121
1690374702728 -37112
1690374702738 -37112
1690374702748 -37127
1690374702758 -37141
1690374702768 -37132
1690374702778 -37101
1690374702788 -37079
1690374702798 -37087
1690374702808 -37099
1690374702818 -37099
1690374702828 -37095
1690374702838 -37096
1690374702848 -37098
1690374702858 -37084
1690374702868 -37074
1690374702878 -37087
1690374702888 -37114
1690374702898 -37128
1690374702908 -37124
1690374702918 -37130
1690374702928 -37142
1690374702938 -37144
1690374702948 -37131
1690374702958 -37114
1690374702968 -37110
1690374702978 -37107
1690374702988 -37103
1690374702998 -37105
1690374703008 -37119
1690374703018 -37141
1690374703028 -37165
1690374703038 -37169
1690374703048 -37162
1690374703058 -37168
1690374703068 -37164
1690374703078 -37154
1690374703088 -37150
1690374703098 -37149
1690374703108 -37147
1690374703118 -37142
1690374703128 -37137
1690374703138 -37132
1690374703148 -37131
1690374703158 -37131
1690374703168 -37126
1690374703178 -37121
1690374703188 -37127
1690374703198 -37124
1690374703208 -37117
1690374703218 -37108
1690374703228 -37098
1690374703238 -37101
1690374703248 -37107
1690374703258 -37112
1690374703268 -37120
1690374703278 -37135
1690374703288 -37148
1690374703298 -37158
1690374703308 -37165
1690374703318 -37165
1690374703328 -37160
1690374703338 -37158
1690374703348 -37154
1690374703358 -37142
1690374703368 -37129
1690374703378 -37131
1690374703388 -37150
1690374703398 -37164
1690374703408 -37162
1690374703418 -37149
1690374703428 -37144
1690374703438 -37138
1690374703448 -37134
1690374703458 -37134
1690374703468 -37142
1690374703478 -37153
1690374703488 -37155
1690374703498 -37154
1690374703508 -37142
1690374703518 -37128
1690374703528 -37123
1690374703538 -37132
1690374703548 -37148
1690374703558 -37160
1690374703568 -37154
1690374703578 -37149
1690374703588 -37148
1690374703598 -37151
1690374703608 -37157
1690374703618 -37157
1690374703628 -37161
1690374703638 -37155
1690374703648 -37147
1690374703658 -37146
1690374703668 -37150
1690374703678 -37157
1690374703688 -37163
1690374703698 -37163
1690374703708 -37165
1690374703718 -37163
1690374703728 -37156
1690374703738 -37150
1690374703748 -37145
1690374703758 -37146
1690374703768 -37153
1690374703778 -37156
1690374703788 -37154
1690374703798 -37147
1690374703808 -37151
1690374703818 -37154
1690374703828 -37150
1690374703838 -37152
1690374703848 -37150
1690374703858 -37150
1690374703868 -37152
1690374703878 -37153
1690374703888 -37158
1690374703898 -37169
1690374703908 -37177
1690374703918 -37182
1690374703928 -37186
1690374703938 -37184
1690374703948 -37174
1690374703958 -37167
1690374703968 -37166
1690374703978 -37165
1690374703988 -37164
1690374703998 -37156
1690374704008 -37152
1690374704018 -37157
1690374704028 -37157
1690374704038 -37155
1690374704048 -37150
1690374704058 -37143
1690374704068 -37145
1690374704078 -37154
1690374704088 -37161
1690374704098 -37165
1690374704108 -37162
1690374704118 -37160
1690374704128 -37162
1690374704138 -37165
1690374704148 -37168
1690374704158 -37168
1690374704168 -37161
1690374704178 -37152
1690374704188 -37144
1690374704198 -37137
1690374704208 -37132
1690374704218 -37126
1690374704228 -37125
1690374704238 -37128
1690374704248 -37131
1690374704258 -37140
1690374704268 -37144
1690374704278 -37141
1690374704288 -37135
1690374704298 -37136
1690374704308 -37142
1690374704318 -37142
1690374704328 -37136
1690374704338 -37125
1690374704348 -37119
1690374704358 -37120
1690374704368 -37130
1690374704378 -37142
1690374704388 -37153
1690374704398 -37154
1690374704408 -37151
1690374704418 -37148
1690374704428 -37145
1690374704438 -37142
1690374704448 -37138
1690374704458 -37135
1690374704468 -37127
1690374704478 -37125
1690374704488 -37121
1690374704498 -37121
1690374704508 -37126
1690374704518 -37126
1690374704528 -37127
1690374704538 -37129
1690374704548 -37125
1690374704558 -37123
1690374704568 -37128
1690374704578 -37137
1690374704588 -37140
1690374704598 -37140
1690374704608 -37135
1690374704618 -37126
1690374704628 -37128
1690374704638 -37128
1690374704648 -37128
1690374704658 -37127
1690374704668 -37123
1690374704678 -37121
1690374704688 -37117
1690374704698 -37112
1690374704708 -37118
1690374704718 -37126
1690374704728 -37129
1690374704738 -37121
1690374704748 -37118
1690374704758 -37120
1690374704768 -37119
1690374704778 -37120
1690374704788 -37123
1690374704798 -37125
1690374704808 -37127
1690374704818 -37128
1690374704828 -37125
1690374704838 -37126
1690374704848 -37129
1690374704858 -37133
1690374704868 -37136
1690374704878 -37134
1690374704888 -37128
1690374704898 -37125
1690374704908 -37120
1690374704918 -37121
1690374704928 -37116
1690374704938 -37109
1690374704948 -37111
1690374704958 -37110
1690374704968 -37110
1690374704978 -37111
1690374704988 -37112
1690374704998 -37116
1690374705008 -37121
1690374705018 -37118
1690374705028 -37116
1690374705038 -37114
1690374705048 -37114
1690374705058 -37113
1690374705068 -37115
1690374705078 -37121
1690374705088 -37121
1690374705098 -37125
1690374705108 -37129
1690374705118 -37131
1690374705128 -37127
1690374705138 -37119
1690374705148 -37113
1690374705158 -37116
1690374705168 -37122
1690374705178 -37123
1690374705188 -37120
1690374705198 -37117
1690374705208 -37117
1690374705218 -37119
1690374705228 -37116
1690374705238 -37117
1690374705248 -37121
1690374705258 -37119
1690374705268 -37122
1690374705278 -37123
1690374705288 -37130
1690374705298 -37134
1690374705308 -37132
1690374705318 -37128
1690374705328 -37128
1690374705338 -37132
1690374705348 -37131
1690374705358 -37134
1690374705368 -37136
1690374705378 -37136
1690374705388 -37138
1690374705398 -37135
1690374705408 -37137
1690374705418 -37138
1690374705428 -37134
1690374705438 -37130
1690374705448 -37125
1690374705458 -37124
1690374705468 -37126
1690374705478 -37127
1690374705488 -37128
1690374705498 -37129
1690374705508 -37127
1690374705518 -37123
1690374705528 -37122
1690374705538 -37123
1690374705548 -37122
1690374705558 -37122
1690374705568 -37124
1690374705578 -37124
1690374705588 -37126
1690374705598 -37130
1690374705608 -37128
1690374705618 -37128
1690374705628 -37133
1690374705638 -37131
1690374705648 -37128
1690374705658 -37127
1690374705668 -37127
1690374705678 -37130
1690374705688 -37135
1690374705698 -37132
1690374705708 -37129
1690374705718 -37130
1690374705728 -37132
1690374705738 -37133
1690374705748 -37132
1690374705758 -37132
1690374705768 -37132
1690374705778 -37131
1690374705788 -37125
1690374705798 -37121
1690374705808 -37122
1690374705818 -37127
1690374705828 -37132
1690374705838 -37131
1690374705848 -37127
1690374705858 -37123
1690374705868 -37119
1690374705878 -37120
1690374705888 -37126
1690374705898 -37132
1690374705908 -37131
1690374705918 -37131
1690374705928 -37131
1690374705938 -37130
1690374705948 -37129
1690374705958 -37128
1690374705968 -37126
1690374705978 -37128
1690374705988 -37131
1690374705998 -37129
1690374706008 -37128
1690374706018 -37128
1690374706028 -37129
1690374706038 -37131
1690374706048 -37134
1690374706058 -37132
1690374706068 -37129
1690374706078 -37133
1690374706088 -37132
1690374706098 -37132
1690374706108 -37137
1690374706118 -37136
1690374706128 -37137
1690374706138 -37134
1690374706148 -37135
1690374706158 -37137
1690374706168 -37137
1690374706178 -37136
1690374706188 -37135
1690374706198 -37133
1690374706208 -37130
1690374706218 -37128
1690374706228 -37127
1690374706238 -37130
1690374706248 -37128
1690374706258 -37128
1690374706268 -37130
1690374706278 -37128
1690374706288 -37130
1690374706298 -37131
1690374706308 -37125
1690374706318 -37125
1690374706328 -37126
1690374706338 -37130
1690374706348 -37128
1690374706358 -37125
1690374706368 -37126
1690374706378 -37127
1690374706388 -37135
1690374706398 -37136
1690374706408 -37139
1690374706418 -37140
1690374706428 -37141
1690374706438 -37141
1690374706448 -37139
1690374706458 -37140
1690374706468 -37139
1690374706478 -37138
1690374706488 -37141
1690374706498 -37144
1690374706508 -37146
1690374706518 -37144
1690374706528 -37140
1690374706538 -37139
1690374706548 -37139
1690374706558 -37139
1690374706568 -37141
1690374706578 -37141
1690374706588 -37139
1690374706598 -37141
1690374706608 -37137
1690374706618 -37137
1690374706628 -37134
1690374706638 -37133
1690374706648 -37133
1690374706658 -37131
1690374706668 -37132
1690374706678 -37132
1690374706688 -37133
1690374706698 -37135
1690374706708 -37137
1690374706718 -37140
1690374706728 -37138
1690374706738 -37140
1690374706748 -37141
1690374706758 -37143
1690374706768 -37144
1690374706778 -37143
1690374706788 -37147
1690374706798 -37150
1690374706808 -37154
1690374706818 -37152
1690374706828 -37153
1690374706838 -37151
1690374706848 -37148
1690374706858 -37147
1690374706868 -37145
1690374706878 -37143
1690374706888 -37143
1690374706898 -37140
1690374706908 -37138
1690374706918 -37138
1690374706928 -37139
1690374706938 -37138
1690374706948 -37139
1690374706958 -37140
1690374706968 -37138
1690374706978 -37140
1690374706988 -37138
1690374706998 -37134
1690374707008 -37131
1690374707018 -37135
1690374707028 -37138
1690374707038 -37142
1690374707048 -37145
1690374707058 -37146
1690374707068 -37146
1690374707078 -37145
1690374707088 -37145
1690374707098 -37145
1690374707108 -37145
1690374707118 -37146
1690374707128 -37146
1690374707138 -37147
1690374707148 -37149
1690374707158 -37146
1690374707168 -37146
1690374707178 -37144
1690374707188 -37143
1690374707198 -37146
1690374707208 -37146
1690374707218 -37144
1690374707228 -37145
1690374707238 -37145
1690374707248 -37144
1690374707258 -37145
1690374707268 -37143
1690374707278 -37140
1690374707288 -37139
1690374707298 -37140
1690374707308 -37141
1690374707318 -37143
1690374707328 -37144
1690374707338 -37142
1690374707348 -37145
1690374707358 -37146
1690374707368 -37145
1690374707378 -37139
1690374707388 -37137
1690374707398 -37136
1690374707408 -37134
1690374707418 -37137
1690374707428 -37136
1690374707438 -37135
1690374707448 -37135
1690374707458 -37136
1690374707468 -37137
1690374707478 -37140
1690374707488 -37140
1690374707498 -37138
1690374707508 -37137
1690374707518 -37137
1690374707528 -37137
1690374707538 -37140
1690374707548 -37138
1690374707558 -37138
1690374707568 -37140
1690374707578 -37141
1690374707588 -37141
1690374707598 -37140
1690374707608 -37143
1690374707618 -37144
1690374707628 -37144
1690374707638 -37141
1690374707648 -37138
1690374707658 -37136
1690374707668 -37134
1690374707678 -37133
1690374707688 -37136
1690374707698 -37136
1690374707708 -37134
1690374707718 -37132
1690374707728 -37129
1690374707738 -37129
1690374707748 -37130
1690374707758 -37132
1690374707768 -37130
1690374707778 -37134
1690374707788 -37137
1690374707798 -37135
1690374707808 -37133
1690374707818 -37130
1690374707828 -37130
1690374707838 -37132
1690374707848 -37131
1690374707858 -37128
1690374707868 -37128
1690374707878 -37128
1690374707888 -37126
1690374707898 -37127
1690374707908 -37128
1690374707918 -37131
1690374707928 -37130
1690374707938 -37127
1690374707948 -37126
1690374707958 -37127
1690374707968 -37129
1690374707978 -37129
1690374707988 -37130
1690374707998 -37129
1690374708008 -37129
1690374708018 -37126
1690374708028 -37125
1690374708038 -37127
1690374708048 -37130
1690374708058 -37129
1690374708068 -37129
1690374708078 -37130
1690374708088 -37128
1690374708098 -37128
1690374708108 -37125
1690374708118 -37126
1690374708128 -37125
1690374708138 -37124
1690374708148 -37125
1690374708158 -37125
1690374708168 -37123
1690374708178 -37120
1690374708188 -37121
1690374708198 -37122
1690374708208 -37120
1690374708218 -37119
1690374708228 -37121
1690374708238 -37119
1690374708248 -37120
1690374708258 -37120
1690374708268 -37118
1690374708278 -37118
1690374708288 -37116
1690374708298 -37116
1690374708308 -37115
1690374708318 -37114
1690374708328 -37115
1690374708338 -37114
1690374708348 -37115
1690374708358 -37116
1690374708368 -37113
1690374708378 -37113
1690374708388 -37111
1690374708398 -37110
1690374708408 -37109
1690374708418 -37111
1690374708428 -37113
1690374708438 -37111
1690374708448 -37111
1690374708458 -37111
1690374708468 -37111
1690374708478 -37111
1690374708488 -37113
1690374708498 -37113
1690374708508 -37110
1690374708518 -37107
1690374708528 -37106
1690374708538 -37108
1690374708548 -37110
1690374708558 -37107
1690374708568 -37109
1690374708578 -37109
1690374708588 -37108
1690374708598 -37108
1690374708608 -37106
1690374708618 -37103
1690374708628 -37103
1690374708638 -37105
1690374708648 -37106
1690374708658 -37106
1690374708668 -37104
1690374708678 -37104
1690374708688 -37106
1690374708698 -37107
1690374708708 -37109
1690374708718 -37111
1690374708728 -37108
1690374708738 -37107
1690374708748 -37108
1690374708758 -37108
1690374708768 -37106
1690374708778 -37106
1690374708788 -37104
1690374708798 -37105
1690374708808 -37106
1690374708818 -37102
1690374708828 -37103
1690374708838 -37105
1690374708848 -37105
1690374708858 -37103
1690374708868 -37103
1690374708878 -37105
1690374708888 -37106
1690374708898 -37107
1690374708908 -37107
1690374708918 -37108
1690374708928 -37107
1690374708938 -37107
1690374708948 -37107
1690374708958 -37106
1690374708968 -37106
1690374708978 -37104
1690374708988 -37103
1690374708998 -37104
1690374709008 -37104
1690374709018 -37106
1690374709028 -37107
1690374709038 -37107
1690374709048 -37106
1690374709058 -37106
1690374709068 -37105
1690374709078 -37105
1690374709088 -37103
1690374709098 -37102
1690374709108 -37102
1690374709118 -37103
1690374709128 -37107
1690374709138 -37108
1690374709148 -37109
1690374709158 -37109
1690374709168 -37109
1690374709178 -37108
1690374709188 -37105
1690374709198 -37108
1690374709208 -37113
1690374709218 -37114
1690374709228 -37111
1690374709238 -37109
1690374709248 -37109
1690374709258 -37109
1690374709268 -37109
1690374709278 -37108
1690374709288 -37107
1690374709298 -37105
1690374709308 -37106
1690374709318 -37105
1690374709328 -37103
1690374709338 -37105
1690374709348 -37104
1690374709358 -37104
1690374709368 -37105
1690374709378 -37106
1690374709388 -37107
1690374709398 -37107
1690374709408 -37107
1690374709418 -37106
1690374709428 -37104
1690374709438 -37106
1690374709448 -37109
1690374709458 -37108
1690374709468 -37111
1690374709478 -37111
1690374709488 -37113
1690374709498 -37113
1690374709508 -37110
1690374709518 -37111
1690374709528 -37112
1690374709538 -37115
1690374709548 -37115
1690374709558 -37114
1690374709568 -37112
1690374709578 -37111
1690374709588 -37112
1690374709598 -37112
1690374709608 -37112
1690374709618 -37109
1690374709628 -37112
1690374709638 -37112
1690374709648 -37113
1690374709658 -37111
1690374709668 -37111
1690374709678 -37112
1690374709688 -37111
1690374709698 -37113
1690374709708 -37111
1690374709718 -37113
1690374709728 -37111
1690374709738 -37113
1690374709748 -37114
1690374709758 -37112
1690374709768 -37114
1690374709778 -37112
1690374709788 -37115
1690374709798 -37118
1690374709808 -37116
1690374709818 -37116
1690374709828 -37117
1690374709838 -37118
1690374709848 -37119
1690374709858 -37120
1690374709868 -37119
1690374709878 -37118
1690374709888 -37119
1690374709898 -37119
1690374709908 -37123
1690374709918 -37123
1690374709928 -37122
1690374709938 -37121
1690374709948 -37118
1690374709958 -37120
1690374709968 -37121
1690374709978 -37124
1690374709988 -37122
1690374709998 -37122
1690374710008 -37120
1690374710018 -37120
1690374710028 -37123
1690374710038 -37122
1690374710048 -37123
1690374710058 -37123
1690374710068 -37122
1690374710078 -37121
1690374710088 -37119
1690374710098 -37119
1690374710108 -37122
1690374710118 -37123
1690374710128 -37120
1690374710138 -37120
1690374710148 -37120
1690374710158 -37120
1690374710168 -37125
1690374710178 -37124
1690374710188 -37124
1690374710198 -37120
1690374710208 -37117
1690374710218 -37117
1690374710228 -37118
1690374710238 -37122
1690374710248 -37124
1690374710258 -37125
1690374710268 -37127
1690374710278 -37123
1690374710288 -37123
1690374710298 -37122
1690374710308 -37123
1690374710318 -37128
1690374710328 -37125
1690374710338 -37124
1690374710348 -37124
1690374710358 -37123
1690374710368 -37123
1690374710378 -37121
1690374710388 -37121
1690374710398 -37124
1690374710408 -37121
1690374710418 -37121
1690374710428 -37121
1690374710438 -37118
1690374710448 -37119
1690374710458 -37121
1690374710468 -37121
1690374710478 -37119
1690374710488 -37121
1690374710498 -37121
1690374710508 -37121
1690374710518 -37121
1690374710528 -37122
1690374710538 -37120
1690374710548 -37120
1690374710558 -37122
1690374710568 -37124
1690374710578 -37120
1690374710588 -37119
1690374710598 -37120
1690374710608 -37119
1690374710618 -37118
1690374710628 -37115
1690374710638 -37115
1690374710648 -37116
1690374710658 -37118
1690374710668 -37117
1690374710678 -37118
1690374710688 -37117
1690374710698 -37116
1690374710708 -37115
1690374710718 -37113
1690374710728 -37111
1690374710738 -37113
1690374710748 -37113
1690374710758 -37112
1690374710768 -37108
1690374710778 -37107
1690374710788 -37108
1690374710798 -37111
1690374710808 -37109
1690374710818 -37107
1690374710828 -37110
1690374710838 -37108
1690374710848 -37106
1690374710858 -37106
1690374710868 -37107
1690374710878 -37105
1690374710888 -37105
1690374710898 -37103
1690374710908 -37103
1690374710918 -37105
1690374710928 -37103
1690374710938 -37106
1690374710948 -37103
1690374710958 -37103
1690374710968 -37104
1690374710978 -37104
1690374710988 -37105
1690374710998 -37105
1690374711008 -37106
1690374711018 -37106
1690374711028 -37106
1690374711038 -37106
1690374711048 -37106
1690374711058 -37108
1690374711068 -37108
1690374711078 -37105
1690374711088 -37105
1690374711098 -37104
1690374711108 -37104
1690374711118 -37105
1690374711128 -37106
1690374711138 -37106
1690374711148 -37107
1690374711158 -37105
1690374711168 -37103
1690374711178 -37102
1690374711188 -37102
1690374711198 -37105
1690374711208 -37104
1690374711218 -37104
1690374711228 -37103
1690374711238 -37101
1690374711248 -37105
1690374711258 -37104
1690374711268 -37102
1690374711278 -37103
1690374711288 -37102
1690374711298 -37103
1690374711308 -37100
1690374711318 -37099
1690374711328 -37098
1690374711338 -37100
1690374711348 -37102
1690374711358 -37103
1690374711368 -37104
1690374711378 -37105
1690374711388 -37105
1690374711398 -37102
1690374711408 -37107
1690374711418 -37105
1690374711428 -37105
1690374711438 -37107
1690374711448 -37104
1690374711458 -37102
1690374711468 -37103
1690374711478 -37106
1690374711488 -37106
1690374711498 -37111
1690374711508 -37110
1690374711518 -37109
1690374711528 -37110
1690374711538 -37108
1690374711548 -37108
1690374711558 -37107
1690374711568 -37109
1690374711578 -37108
1690374711588 -37108
1690374711598 -37110
1690374711608 -37109
1690374711618 -37108
1690374711628 -37110
1690374711638 -37111
1690374711648 -37109
1690374711658 -37111
1690374711668 -37110
1690374711678 -37109
1690374711688 -37110
1690374711698 -37111
1690374711708 -37113
1690374711718 -37114
1690374711728 -37116
1690374711738 -37117
1690374711748 -37119
1690374711758 -37119
1690374711768 -37120
1690374711778 -37120
1690374711788 -37121
1690374711798 -37120
1690374711808 -37120
1690374711818 -37121
1690374711828 -37122
1690374711838 -37122
1690374711848 -37121
1690374711858 -37123
1690374711868 -37120
1690374711878 -37119
1690374711888 -37120
1690374711898 -37120
1690374711908 -37120
1690374711918 -37120
1690374711928 -37122
1690374711938 -37123
1690374711948 -37123
1690374711958 -37121
1690374711968 -37122
1690374711978 -37121
1690374711988 -37119
1690374711998 -37122
1690374712008 -37124
1690374712018 -37126
1690374712028 -37127
1690374712038 -37126
1690374712048 -37129
1690374712058 -37128
1690374712068 -37129
1690374712078 -37129
1690374712088 -37130
1690374712098 -37130
1690374712108 -37133
1690374712118 -37130
1690374712128 -37129
1690374712138 -37131
1690374712148 -37129
1690374712158 -37131
1690374712168 -37129
1690374712178 -37129
1690374712188 -37130
1690374712198 -37132
1690374712208 -37130
1690374712218 -37130
1690374712228 -37133
1690374712238 -37131
1690374712248 -37132
1690374712258 -37133
1690374712268 -37133
1690374712278 -37136
1690374712288 -37133
1690374712298 -37135
1690374712308 -37135
1690374712318 -37137
1690374712328 -37140
1690374712338 -37140
1690374712348 -37139
1690374712358 -37141
1690374712368 -37142
1690374712378 -37143
1690374712388 -37144
1690374712398 -37143
1690374712408 -37147
1690374712418 -37147
1690374712428 -37148
1690374712438 -37148
1690374712448 -37150
1690374712458 -37152
1690374712468 -37150
1690374712478 -37152
1690374712488 -37151
1690374712498 -37151
1690374712508 -37150
1690374712518 -37150
1690374712528 -37151
1690374712538 -37152
1690374712548 -37153
1690374712558 -37152
1690374712568 -37150
1690374712578 -37151
1690374712588 -37150
1690374712598 -37150
1690374712608 -37149
1690374712618 -37150
1690374712628 -37150
1690374712638 -37150
1690374712648 -37150
1690374712658 -37153
1690374712668 -37154
1690374712678 -37153
1690374712688 -37156
1690374712698 -37155
1690374712708 -37156
1690374712718 -37156
1690374712728 -37157
1690374712738 -37154
1690374712748 -37156
1690374712758 -37158
1690374712768 -37158
1690374712778 -37158
1690374712788 -37157
1690374712798 -37158
1690374712808 -37158
1690374712818 -37161
1690374712828 -37160
1690374712838 -37161
1690374712848 -37160
1690374712858 -37161
1690374712868 -37160
1690374712878 -37159
1690374712888 -37161
1690374712898 -37162
1690374712908 -37160
1690374712918 -37162
1690374712928 -37163
1690374712938 -37160
1690374712948 -37163
1690374712958 -37160
1690374712968 -37159
1690374712978 -37160
1690374712988 -37160
1690374712998 -37160
1690374713008 -37159
1690374713018 -37159
1690374713028 -37160
1690374713038 -37163
1690374713048 -37162
1690374713058 -37162
1690374713068 -37161
1690374713078 -37161
1690374713088 -37163
1690374713098 -37164
1690374713108 -37163
1690374713118 -37160
1690374713128 -37160
1690374713138 -37161
1690374713148 -37160
1690374713158 -37158
1690374713168 -37160
1690374713178 -37159
1690374713188 -37161
1690374713198 -37159
1690374713208 -37159
1690374713218 -37158
1690374713228 -37158
1690374713238 -37158
1690374713248 -37156
1690374713258 -37159
1690374713268 -37158
1690374713278 -37157
1690374713288 -37157
1690374713298 -37157
1690374713308 -37158
1690374713318 -37159
1690374713328 -37160
1690374713338 -37159
1690374713348 -37157
1690374713358 -37158
1690374713368 -37157
1690374713378 -37156
1690374713388 -37156
1690374713398 -37157
1690374713408 -37158
1690374713418 -37158
1690374713428 -37159
1690374713438 -37156
1690374713448 -37156
1690374713458 -37154
1690374713468 -37154
1690374713478 -37152
1690374713488 -37153
1690374713498 -37154
1690374713508 -37154
1690374713518 -37154
1690374713528 -37153
1690374713538 -37155
1690374713548 -37154
1690374713558 -37155
1690374713568 -37156
1690374713578 -37152
1690374713588 -37150
1690374713598 -37150
1690374713608 -37147
1690374713618 -37148
1690374713628 -37151
1690374713638 -37149
1690374713648 -37148
1690374713658 -37149
1690374713668 -37148
1690374713678 -37146
1690374713688 -37145
1690374713698 -37146
1690374713708 -37145
1690374713718 -37144
1690374713728 -37145
1690374713738 -37144
1690374713748 -37142
1690374713758 -37142
1690374713768 -37143
1690374713778 -37144
1690374713788 -37142
1690374713798 -37141
1690374713808 -37140
1690374713818 -37139
1690374713828 -37140
1690374713838 -37139
1690374713848 -37138
1690374713858 -37139
1690374713868 -37138
1690374713878 -37139
1690374713888 -37141
1690374713898 -37138
1690374713908 -37139
1690374713918 -37141
1690374713928 -37137
1690374713938 -37139
1690374713948 -37137
1690374713958 -37135
1690374713968 -37135
1690374713978 -37135
1690374713988 -37136
1690374713998 -37136
1690374714008 -37136
1690374714018 -37137
1690374714028 -37137
1690374714038 -37135
1690374714048 -37134
1690374714058 -37133
1690374714068 -37134
1690374714078 -37132
1690374714088 -37132
1690374714098 -37134
1690374714108 -37132
1690374714118 -37133
1690374714128 -37131
1690374714138 -37133
1690374714148 -37132
1690374714158 -37129
1690374714168 -37133
1690374714178 -37133
1690374714188 -37133
1690374714198 -37132
1690374714208 -37132
1690374714218 -37132
1690374714228 -37130
1690374714238 -37132
1690374714248 -37132
1690374714258 -37130
1690374714268 -37129
1690374714278 -37129
1690374714288 -37128
1690374714298 -37129
1690374714308 -37130
1690374714318 -37130
1690374714328 -37130
1690374714338 -37130
1690374714348 -37130
1690374714358 -37130
1690374714368 -37131
1690374714378 -37131
1690374714388 -37133
1690374714398 -37131
1690374714408 -37132
1690374714418 -37132
1690374714428 -37133
1690374714438 -37134
1690374714448 -37134
1690374714458 -37133
1690374714468 -37132
1690374714478 -37134
1690374714488 -37132
1690374714498 -37132
1690374714508 -37134
1690374714518 -37136
1690374714528 -37134
1690374714538 -37134
1690374714548 -37131
1690374714558 -37132
1690374714568 -37131
1690374714578 -37130
1690374714588 -37129
1690374714598 -37130
1690374714608 -37131
1690374714618 -37129
1690374714628 -37130
1690374714638 -37127
1690374714648 -37127
1690374714658 -37127
1690374714668 -37126
1690374714678 -37126
1690374714688 -37126
1690374714698 -37127
1690374714708 -37125
1690374714718 -37125
1690374714728 -37126
1690374714738 -37123
1690374714748 -37122
1690374714758 -37124
1690374714768 -37124
1690374714778 -37123
1690374714788 -37122
1690374714798 -37122
1690374714808 -37123
1690374714818 -37122
1690374714828 -37120
1690374714838 -37121
1690374714848 -37120
1690374714858 -37121
1690374714868 -37119
1690374714878 -37117
1690374714888 -37119
1690374714898 -37118
1690374714908 -37118
1690374714918 -37119
1690374714928 -37117
1690374714938 -37118
1690374714948 -37118
1690374714958 -37118
1690374714968 -37118
1690374714978 -37116
1690374714988 -37117
1690374714998 -37116
1690374715008 -37115
1690374715018 -37114
1690374715028 -37114
1690374715038 -37114
1690374715048 -37115
1690374715058 -37117
1690374715068 -37116
1690374715078 -37118
1690374715088 -37117
1690374715098 -37116
1690374715108 -37114
1690374715118 -37113
1690374715128 -37110
1690374715138 -37113
1690374715148 -37113
1690374715158 -37111
1690374715168 -37112
1690374715178 -37111
1690374715188 -37111
1690374715198 -37111
1690374715208 -37109
1690374715218 -37111
1690374715228 -37111
1690374715238 -37110
1690374715248 -37112
1690374715258 -37111
1690374715268 -37111
1690374715278 -37108
1690374715288 -37109
1690374715298 -37108
1690374715308 -37108
1690374715318 -37104
1690374715328 -37103
1690374715338 -37105
1690374715348 -37103
1690374715358 -37105
1690374715368 -37105
1690374715378 -37104
1690374715388 -37104
1690374715398 -37104
1690374715408 -37104
1690374715418 -37102
1690374715428 -37101
1690374715438 -37103
1690374715448 -37102
1690374715458 -37102
1690374715468 -37104
1690374715478 -37105
1690374715488 -37104
1690374715498 -37104
1690374715508 -37103
1690374715518 -37104
1690374715528 -37104
1690374715538 -37103
1690374715548 -37106
1690374715558 -37104
1690374715568 -37102
1690374715578 -37104
1690374715588 -37106
1690374715598 -37106
1690374715608 -37103
1690374715618 -37102
1690374715628 -37101
1690374715638 -37104
1690374715648 -37103
1690374715658 -37103
1690374715668 -37105
1690374715678 -37104
1690374715688 -37103
1690374715698 -37104
1690374715708 -37104
1690374715718 -37104
1690374715728 -37106
1690374715738 -37104
1690374715748 -37106
1690374715758 -37106
1690374715768 -37106
1690374715778 -37106
1690374715788 -37106
1690374715798 -37104
1690374715808 -37105
1690374715818 -37106
1690374715828 -37106
1690374715838 -37108
1690374715848 -37107
1690374715858 -37110
1690374715868 -37108
1690374715878 -37107
1690374715888 -37108
1690374715898 -37108
1690374715908 -37109
1690374715918 -37110
1690374715928 -37111
1690374715938 -37111
1690374715948 -37112
1690374715958 -37110
1690374715968 -37111
1690374715978 -37112
1690374715988 -37111
1690374715998 -37114
1690374716008 -37114
1690374716018 -37116
1690374716028 -37115
1690374716038 -37114
1690374716048 -37117
1690374716058 -37118
1690374716068 -37118
1690374716078 -37119
1690374716088 -37121
1690374716098 -37122
1690374716108 -37121
1690374716118 -37119
1690374716128 -37120
1690374716138 -37119
1690374716148 -37120
1690374716158 -37123
1690374716168 -37124
1690374716178 -37123
1690374716188 -37123
1690374716198 -37122
1690374716208 -37122
1690374716218 -37121
1690374716228 -37120
1690374716238 -37121
1690374716248 -37123
1690374716258 -37123
1690374716268 -37123
1690374716278 -37122
1690374716288 -37124
1690374716298 -37125
1690374716308 -37122
1690374716318 -37124
1690374716328 -37125
1690374716338 -37125
1690374716348 -37126
1690374716358 -37125
1690374716368 -37126
1690374716378 -37125
1690374716388 -37124
1690374716398 -37126
1690374716408 -37125
1690374716418 -37125
1690374716428 -37126
1690374716438 -37128
1690374716448 -37127
1690374716458 -37126
1690374716468 -37125
1690374716478 -37126
1690374716488 -37123
1690374716498 -37124
1690374716508 -37125
1690374716518 -37124
1690374716528 -37125
1690374716538 -37124
1690374716548 -37125
1690374716558 -37124
1690374716568 -37122
1690374716578 -37121
1690374716588 -37122
1690374716598 -37123
1690374716608 -37126
1690374716618 -37123
1690374716628 -37124
1690374716638 -37125
1690374716648 -37122
1690374716658 -37123
1690374716668 -37123
1690374716678 -37124
1690374716688 -37127
1690374716698 -37128
1690374716708 -37127
1690374716718 -37125
1690374716728 -37126
1690374716738 -37124
1690374716748 -37122
1690374716758 -37121
1690374716768 -37120
1690374716778 -37119
1690374716788 -37120
1690374716798 -37120
1690374716808 -37119
1690374716818 -37118
1690374716828 -37117
1690374716838 -37119
1690374716848 -37118
1690374716858 -37117
1690374716868 -37118
1690374716878 -37115
1690374716888 -37114
1690374716898 -37116
1690374716908 -37116
1690374716918 -37119
1690374716928 -37117
1690374716938 -37117
1690374716948 -37117
1690374716958 -37116
1690374716968 -37115
1690374716978 -37115
1690374716988 -37116
1690374716998 -37114
1690374717008 -37115
1690374717018 -37114
1690374717028 -37115
1690374717038 -37113
1690374717048 -37113
1690374717058 -37114
1690374717068 -37115
1690374717078 -37114
1690374717088 -37115
1690374717098 -37115
1690374717108 -37114
1690374717118 -37113
1690374717128 -37113
1690374717138 -37114
1690374717148 -37111
1690374717158 -37113
1690374717168 -37113
1690374717178 -37112
1690374717188 -37115
1690374717198 -37114
1690374717208 -37112
1690374717218 -37114
1690374717228 -37115
1690374717238 -37117
1690374717248 -37116
1690374717258 -37114
1690374717268 -37115
1690374717278 -37114
1690374717288 -37115
1690374717298 -37115
1690374717308 -37115
1690374717318 -37115
1690374717328 -37115
1690374717338 -37116
1690374717348 -37115
1690374717358 -37115
1690374717368 -37113
1690374717378 -37115
1690374717388 -37116
1690374717398 -37115
1690374717408 -37115
1690374717418 -37116
1690374717428 -37115
1690374717438 -37113
1690374717448 -37115
1690374717458 -37115
1690374717468 -37115
1690374717478 -37118
1690374717488 -37120
1690374717498 -37117
1690374717508 -37118
1690374717518 -37117
1690374717528 -37118
1690374717538 -37118
1690374717548 -37118
1690374717558 -37117
1690374717568 -37116
1690374717578 -37116
1690374717588 -37115
1690374717598 -37116
1690374717608 -37116
1690374717618 -37117
1690374717628 -37120
1690374717638 -37120
1690374717648 -37120
1690374717658 -37120
1690374717668 -37119
1690374717678 -37118
1690374717688 -37116
1690374717698 -37116
1690374717708 -37117
1690374717718 -37116
1690374717728 -37114
1690374717738 -37113
1690374717748 -37112
1690374717758 -37114
1690374717768 -37115
1690374717778 -37114
1690374717788 -37115
1690374717798 -37115
1690374717808 -37114
1690374717818 -37115
1690374717828 -37114
1690374717838 -37116
1690374717848 -37118
1690374717858 -37116
1690374717868 -37114
1690374717878 -37111
1690374717888 -37111
1690374717898 -37112
1690374717908 -37113
1690374717918 -37114
1690374717928 -37113
1690374717938 -37112
1690374717948 -37116
1690374717958 -37116
1690374717968 -37116
1690374717978 -37114
1690374717988 -37116
1690374717998 -37116
1690374718008 -37116
1690374718018 -37117
1690374718028 -37117
1690374718038 -37117
1690374718048 -37113
1690374718058 -37114
1690374718068 -37115
1690374718078 -37115
1690374718088 -37115
1690374718098 -37116
1690374718108 -37116
1690374718118 -37117
1690374718128 -37117
1690374718138 -37116
1690374718148 -37116
1690374718158 -37117
1690374718168 -37116
1690374718178 -37119
1690374718188 -37117
1690374718198 -37116
1690374718208 -37115
1690374718218 -37112
1690374718228 -37112
1690374718238 -37113
1690374718248 -37113
1690374718258 -37116
1690374718268 -37115
1690374718278 -37115
1690374718288 -37114
1690374718298 -37114
1690374718308 -37115
1690374718318 -37113
1690374718328 -37115
1690374718338 -37115
1690374718348 -37115
1690374718358 -37111
1690374718368 -37114
1690374718378 -37115
1690374718388 -37116
1690374718398 -37117
1690374718408 -37116
1690374718418 -37114
1690374718428 -37115
1690374718438 -37118
1690374718448 -37114
1690374718458 -37116
1690374718468 -37116
1690374718478 -37114
1690374718488 -37115
1690374718498 -37116
1690374718508 -37115
1690374718518 -37116
1690374718528 -37115
1690374718538 -37115
1690374718548 -37118
1690374718558 -37117
1690374718568 -37117
1690374718578 -37118
1690374718588 -37118
1690374718598 -37118
1690374718608 -37117
1690374718618 -37119
1690374718628 -37119
1690374718638 -37117
1690374718648 -37117
1690374718658 -37115
1690374718668 -37119
1690374718678 -37119
1690374718688 -37119
1690374718698 -37119
1690374718708 -37122
1690374718718 -37120
1690374718728 -37119
1690374718738 -37119
1690374718748 -37120
1690374718758 -37120
1690374718768 -37121
1690374718778 -37124
1690374718788 -37124
1690374718798 -37125
1690374718808 -37123
1690374718818 -37125
1690374718828 -37124
1690374718838 -37123
1690374718848 -37124
1690374718858 -37125
1690374718868 -37124
1690374718878 -37125
1690374718888 -37126
1690374718898 -37124
1690374718908 -37125
1690374718918 -37125
1690374718928 -37126
1690374718938 -37128
1690374718948 -37128
1690374718958 -37128
1690374718968 -37128
1690374718978 -37129
1690374718988 -37127
1690374718998 -37128
1690374719008 -37131
1690374719018 -37131
1690374719028 -37132
1690374719038 -37133
1690374719048 -37134
1690374719058 -37134
1690374719068 -37134
1690374719078 -37135
1690374719088 -37135
1690374719098 -37136
1690374719108 -37137
1690374719118 -37137
1690374719128 -37138
1690374719138 -37138
1690374719148 -37139
1690374719158 -37140
1690374719168 -37140
1690374719178 -37141
1690374719188 -37141
1690374719198 -37142
1690374719208 -37142
1690374719218 -37143
1690374719228 -37143
1690374719238 -37144
1690374719248 -37146
1690374719258 -37145
1690374719268 -37146
1690374719278 -37144
1690374719288 -37144
1690374719298 -37145
1690374719308 -37146
1690374719318 -37147
1690374719328 -37148
1690374719338 -37148
1690374719348 -37149
1690374719358 -37148
1690374719368 -37150
1690374719378 -37151
1690374719388 -37149
1690374719398 -37149
1690374719408 -37152
1690374719418 -37152
1690374719428 -37151
1690374719438 -37154
1690374719448 -37154
1690374719458 -37155
1690374719468 -37157
1690374719478 -37158
1690374719488 -37159
1690374719498 -37158
1690374719508 -37160
1690374719518 -37160
1690374719528 -37158
1690374719538 -37158
1690374719548 -37158
1690374719558 -37158
1690374719568 -37158
1690374719578 -37158
1690374719588 -37159
1690374719598 -37160
1690374719608 -37162
1690374719618 -37162
1690374719628 -37161
1690374719638 -37160
1690374719648 -37161
1690374719658 -37161
1690374719668 -37162
1690374719678 -37162
1690374719688 -37161
1690374719698 -37163
1690374719708 -37162
1690374719718 -37162
1690374719728 -37162
1690374719738 -37163
1690374719748 -37164
1690374719758 -37165
1690374719768 -37164
1690374719778 -37164
1690374719788 -37165
1690374719798 -37164
1690374719808 -37164
1690374719818 -37162
1690374719828 -37164
1690374719838 -37163
1690374719848 -37160
1690374719858 -37161
1690374719868 -37163
1690374719878 -37161
1690374719888 -37162
1690374719898 -37163
1690374719908 -37164
1690374719918 -37164
1690374719928 -37164
1690374719938 -37162
1690374719948 -37161
1690374719958 -37161
1690374719968 -37162
1690374719978 -37160
1690374719988 -37161
1690374719998 -37162
1690374720008 -37161
1690374720018 -37162
1690374720028 -37161
1690374720038 -37162
1690374720048 -37163
1690374720058 -37162
1690374720068 -37158
1690374720078 -37159
1690374720088 -37159
1690374720098 -37160
1690374720108 -37159
1690374720118 -37158
1690374720128 -37157
1690374720138 -37157
1690374720148 -37158
1690374720158 -37157
1690374720168 -37156
1690374720178 -37157
1690374720188 -37157
1690374720198 -37156
1690374720208 -37159
1690374720218 -37157
1690374720228 -37158
1690374720238 -37158
1690374720248 -37156
1690374720258 -37154
1690374720268 -37154
1690374720278 -37155
1690374720288 -37154
1690374720298 -37152
1690374720308 -37151
1690374720318 -37153
1690374720328 -37151
1690374720338 -37152
1690374720348 -37151
1690374720358 -37152
1690374720368 -37150
1690374720378 -37151
1690374720388 -37152
1690374720398 -37150
1690374720408 -37150
1690374720418 -37151
1690374720428 -37149
1690374720438 -37149
1690374720448 -37149
1690374720458 -37145
1690374720468 -37146
1690374720478 -37145
1690374720488 -37146
1690374720498 -37146
1690374720508 -37148
1690374720518 -37148
1690374720528 -37144
1690374720538 -37145
1690374720548 -37142
1690374720558 -37144
1690374720568 -37143
1690374720578 -37144
1690374720588 -37145
1690374720598 -37144
1690374720608 -37145
1690374720618 -37145
1690374720628 -37145
1690374720638 -37143
1690374720648 -37144
1690374720658 -37145
1690374720668 -37148
1690374720678 -37146
1690374720688 -37144
1690374720698 -37142
1690374720708 -37140
1690374720718 -37139
1690374720728 -37138
1690374720738 -37138
1690374720748 -37138
1690374720758 -37137
1690374720768 -37136
1690374720778 -37136
1690374720788 -37135
1690374720798 -37136
1690374720808 -37136
1690374720818 -37136
1690374720828 -37135
1690374720838 -37137
1690374720848 -37136
1690374720858 -37132
1690374720868 -37134
1690374720878 -37135
1690374720888 -37135
1690374720898 -37136
1690374720908 -37136
1690374720918 -37137
1690374720928 -37137
1690374720938 -37137
1690374720948 -37137
1690374720958 -37136
1690374720968 -37134
1690374720978 -37133
1690374720988 -37134
1690374720998 -37133
1690374721008 -37133
1690374721018 -37135
1690374721028 -37136
1690374721038 -37134
1690374721048 -37134
1690374721058 -37134
1690374721068 -37132
1690374721078 -37133
1690374721088 -37131
1690374721098 -37130
1690374721108 -37131
1690374721118 -37131
1690374721128 -37132
1690374721138 -37132
1690374721148 -37133
1690374721158 -37129
1690374721168 -37130
1690374721178 -37129
1690374721188 -37129
1690374721198 -37129
1690374721208 -37128
1690374721218 -37130
1690374721228 -37130
1690374721238 -37129
1690374721248 -37130
1690374721258 -37131
1690374721268 -37132
1690374721278 -37132
1690374721288 -37132
1690374721298 -37133
1690374721308 -37132
1690374721318 -37132
1690374721328 -37136
1690374721338 -37135
1690374721348 -37135
1690374721358 -37134
1690374721368 -37133
1690374721378 -37132
1690374721388 -37133
1690374721398 -37135
1690374721408 -37134
1690374721418 -37130
1690374721428 -37131
1690374721438 -37134
1690374721448 -37132
1690374721458 -37131
1690374721468 -37131
1690374721478 -37128
1690374721488 -37127
1690374721498 -37130
1690374721508 -37129
1690374721518 -37128
1690374721528 -37126
1690374721538 -37127
1690374721548 -37127
1690374721558 -37128
1690374721568 -37127
1690374721578 -37128
1690374721588 -37132
1690374721598 -37129
1690374721608 -37131
1690374721618 -37128
1690374721628 -37128
1690374721638 -37130
1690374721648 -37130
1690374721658 -37132
1690374721668 -37128
1690374721678 -37128
1690374721688 -37130
1690374721698 -37130
1690374721708 -37129
1690374721718 -37128
1690374721728 -37130
1690374721738 -37129
1690374721748 -37133
1690374721758 -37136
1690374721768 -37134
1690374721778 -37134
1690374721788 -37131
1690374721798 -37130
1690374721808 -37132
1690374721818 -37135
1690374721828 -37135
1690374721838 -37133
1690374721848 -37135
1690374721858 -37133
1690374721868 -37133
1690374721878 -37134
1690374721888 -37132
1690374721898 -37133
1690374721908 -37131
1690374721918 -37131
1690374721928 -37131
1690374721938 -37131
1690374721948 -37131
1690374721958 -37131
1690374721968 -37131
1690374721978 -37130
1690374721988 -37131
1690374721998 -37131
1690374722008 -37132
1690374722018 -37131
1690374722028 -37133
1690374722038 -37130
1690374722048 -37130
1690374722058 -37132
1690374722068 -37131
1690374722078 -37133
1690374722088 -37135
1690374722098 -37136
1690374722108 -37135
1690374722118 -37134
1690374722128 -37134
1690374722138 -37132
1690374722148 -37135
1690374722158 -37138
1690374722168 -37137
1690374722178 -37135
1690374722188 -37135
1690374722198 -37134
1690374722208 -37133
1690374722218 -37132
1690374722228 -37130
1690374722238 -37131
1690374722248 -37132
1690374722258 -37134
1690374722268 -37133
1690374722278 -37132
1690374722288 -37132
1690374722298 -37133
1690374722308 -37133
1690374722318 -37133
1690374722328 -37133
1690374722338 -37133
1690374722348 -37134
1690374722358 -37132
1690374722368 -37132
1690374722378 -37130
1690374722388 -37132
1690374722398 -37130
1690374722408 -37130
1690374722418 -37132
1690374722428 -37132
1690374722438 -37130
1690374722448 -37130
1690374722458 -37131
1690374722468 -37129
1690374722478 -37131
1690374722488 -37128
1690374722498 -37129
1690374722508 -37130
1690374722518 -37132
1690374722528 -37132
1690374722538 -37132
1690374722548 -37131
1690374722558 -37131
1690374722568 -37131
1690374722578 -37130
1690374722588 -37129
1690374722598 -37128
1690374722608 -37133
1690374722618 -37131
1690374722628 -37130
1690374722638 -37133
1690374722648 -37131
1690374722658 -37129
1690374722668 -37130
1690374722678 -37131
1690374722688 -37129
1690374722698 -37127
1690374722708 -37130
1690374722718 -37128
1690374722728 -37129
1690374722738 -37129
1690374722748 -37128
1690374722758 -37129
1690374722768 -37126
1690374722778 -37126
1690374722788 -37126
1690374722798 -37123
1690374722808 -37123
1690374722818 -37124
1690374722828 -37124
1690374722838 -37128
1690374722848 -37125
1690374722858 -37127
1690374722868 -37128
1690374722878 -37127
1690374722888 -37130
1690374722898 -37127
1690374722908 -37127
1690374722918 -37127
1690374722928 -37126
1690374722938 -37126
1690374722948 -37125
1690374722958 -37124
1690374722968 -37124
1690374722978 -37125
1690374722988 -37125
1690374722998 -37124
1690374723008 -37121
1690374723018 -37121
1690374723028 -37122
1690374723038 -37120
1690374723048 -37122
1690374723058 -37120
1690374723068 -37123
1690374723078 -37122
1690374723088 -37121
1690374723098 -37121
1690374723108 -37122
1690374723118 -37122
1690374723128 -37119
1690374723138 -37122
1690374723148 -37120
1690374723158 -37123
1690374723168 -37123
1690374723178 -37121
1690374723188 -37121
1690374723198 -37120
1690374723208 -37122
1690374723218 -37121
1690374723228 -37119
1690374723238 -37121
1690374723248 -37122
1690374723258 -37122
1690374723268 -37121
1690374723278 -37122
1690374723288 -37122
1690374723298 -37122
1690374723308 -37121
1690374723318 -37118
1690374723328 -37120
1690374723338 -37120
1690374723348 -37121
1690374723358 -37123
1690374723368 -37123
1690374723378 -37120
1690374723388 -37123
1690374723398 -37123
1690374723408 -37118
1690374723418 -37121
1690374723428 -37119
1690374723438 -37120
1690374723448 -37121
1690374723458 -37122
1690374723468 -37123
1690374723478 -37121
1690374723488 -37123
1690374723498 -37123
1690374723508 -37123
1690374723518 -37123
1690374723528 -37124
1690374723538 -37123
1690374723548 -37122
1690374723558 -37123
1690374723568 -37124
1690374723578 -37123
1690374723588 -37122
1690374723598 -37120
1690374723608 -37120
1690374723618 -37120
1690374723628 -37118
1690374723638 -37119
1690374723648 -37119
1690374723658 -37120
1690374723668 -37119
1690374723678 -37121
1690374723688 -37120
1690374723698 -37120
1690374723708 -37120
1690374723718 -37119
1690374723728 -37120
1690374723738 -37118
1690374723748 -37119
1690374723758 -37117
1690374723768 -37118
1690374723778 -37122
1690374723788 -37121
1690374723798 -37120
1690374723808 -37119
1690374723818 -37119
1690374723828 -37119
1690374723838 -37120
1690374723848 -37121
1690374723858 -37120
1690374723868 -37121
1690374723878 -37121
1690374723888 -37122
1690374723898 -37121
1690374723908 -37121
1690374723918 -37123
1690374723928 -37122
1690374723938 -37121
1690374723948 -37122
1690374723958 -37122
1690374723968 -37120
1690374723978 -37121
1690374723988 -37118
1690374723998 -37118
1690374724008 -37120
1690374724018 -37120
1690374724028 -37122
1690374724038 -37121
1690374724048 -37121
1690374724058 -37121
1690374724068 -37119
1690374724078 -37119
1690374724088 -37118
1690374724098 -37119
1690374724108 -37120
1690374724118 -37120
1690374724128 -37123
1690374724138 -37122
1690374724148 -37119
1690374724158 -37119
1690374724168 -37122
1690374724178 -37124
1690374724188 -37122
1690374724198 -37122
1690374724208 -37122
1690374724218 -37124
1690374724228 -37122
1690374724238 -37119
1690374724248 -37121
1690374724258 -37120
1690374724268 -37120
1690374724278 -37119
1690374724288 -37122
1690374724298 -37122
1690374724308 -37120
1690374724318 -37122
1690374724328 -37121
1690374724338 -37121
1690374724348 -37122
1690374724358 -37121
1690374724368 -37121
1690374724378 -37124
1690374724388 -37123
1690374724398 -37123
1690374724408 -37122
1690374724418 -37123
1690374724428 -37124
1690374724438 -37125
1690374724448 -37124
1690374724458 -37124
1690374724468 -37124
1690374724478 -37123
1690374724488 -37125
1690374724498 -37126
1690374724508 -37125
1690374724518 -37124
1690374724528 -37125
1690374724538 -37122
1690374724548 -37121
1690374724558 -37123
1690374724568 -37124
1690374724578 -37122
1690374724588 -37122
1690374724598 -37123
1690374724608 -37123
1690374724618 -37123
1690374724628 -37122
1690374724638 -37122
1690374724648 -37123
1690374724658 -37123
1690374724668 -37123
1690374724678 -37124
1690374724688 -37124
1690374724698 -37125
1690374724708 -37125
1690374724718 -37125
1690374724728 -37123
1690374724738 -37122
1690374724748 -37125
1690374724758 -37124
1690374724768 -37124
1690374724778 -37126
1690374724788 -37129
1690374724798 -37126
1690374724808 -37127
1690374724818 -37128
1690374724828 -37125
1690374724838 -37127
1690374724848 -37128
1690374724858 -37128
1690374724868 -37128
1690374724878 -37127
1690374724888 -37129
1690374724898 -37128
1690374724908 -37127
1690374724918 -37129
1690374724928 -37128
1690374724938 -37128
1690374724948 -37127
1690374724958 -37126
1690374724968 -37127
1690374724978 -37127
1690374724988 -37125
1690374724998 -37126
1690374725008 -37128
1690374725018 -37128
1690374725028 -37129
1690374725038 -37127
1690374725048 -37126
1690374725058 -37128
1690374725068 -37127
1690374725078 -37127
1690374725088 -37129
1690374725098 -37131
1690374725108 -37131
1690374725118 -37132
1690374725128 -37133
1690374725138 -37132
1690374725148 -37130
1690374725158 -37129
1690374725168 -37128
1690374725178 -37132
1690374725188 -37131
1690374725198 -37131
1690374725208 -37134
1690374725218 -37131
1690374725228 -37134
1690374725238 -37134
1690374725248 -37134
1690374725258 -37130
1690374725268 -37133
1690374725278 -37136
1690374725288 -37136
1690374725298 -37135
1690374725308 -37134
1690374725318 -37135
1690374725328 -37131
1690374725338 -37132
1690374725348 -37133
1690374725358 -37132
1690374725368 -37132
1690374725378 -37135
1690374725388 -37133
1690374725398 -37136
1690374725408 -37135
1690374725418 -37132
1690374725428 -37135
1690374725438 -37133
1690374725448 -37133
1690374725458 -37134
1690374725468 -37136
1690374725478 -37136
1690374725488 -37135
1690374725498 -37133
1690374725508 -37135
1690374725518 -37134
1690374725528 -37134
1690374725538 -37134
1690374725548 -37133
1690374725558 -37137
1690374725568 -37137
1690374725578 -37136
1690374725588 -37137
1690374725598 -37136
1690374725608 -37135
1690374725618 -37136
1690374725628 -37136
1690374725638 -37135
1690374725648 -37135
1690374725658 -37136
1690374725668 -37136
1690374725678 -37135
1690374725688 -37135
1690374725698 -37136
1690374725708 -37137
1690374725718 -37136
1690374725728 -37139
1690374725738 -37140
1690374725748 -37141
1690374725758 -37137
1690374725768 -37135
1690374725778 -37134
1690374725788 -37134
1690374725798 -37136
1690374725808 -37138
1690374725818 -37135
1690374725828 -37135
1690374725838 -37138
1690374725848 -37138
1690374725858 -37138
1690374725868 -37136
1690374725878 -37137
1690374725888 -37135
1690374725898 -37139
1690374725908 -37140
1690374725918 -37138
1690374725928 -37139
1690374725938 -37139
1690374725948 -37139
1690374725958 -37141
1690374725968 -37141
1690374725978 -37140
1690374725988 -37144
1690374725998 -37141
1690374726008 -37138
1690374726018 -37135
1690374726028 -37135
1690374726038 -37136
1690374726048 -37137
1690374726058 -37140
1690374726068 -37142
1690374726078 -37142
1690374726088 -37140
1690374726098 -37139
1690374726108 -37141
1690374726118 -37142
1690374726128 -37142
1690374726138 -37140
1690374726148 -37138
1690374726158 -37142
1690374726168 -37144
1690374726178 -37142
1690374726188 -37144
1690374726198 -37146
1690374726208 -37143
1690374726218 -37140
1690374726228 -37141
1690374726238 -37144
1690374726248 -37143
1690374726258 -37141
1690374726268 -37138
1690374726278 -37140
1690374726288 -37144
1690374726298 -37145
1690374726308 -37144
1690374726318 -37143
1690374726328 -37141
1690374726338 -37142
1690374726348 -37142
1690374726358 -37143
1690374726368 -37140
1690374726378 -37142
1690374726388 -37143
1690374726398 -37141
1690374726408 -37140
1690374726418 -37138
1690374726428 -37141
1690374726438 -37141
1690374726448 -37142
1690374726458 -37139
1690374726468 -37141
1690374726478 -37140
1690374726488 -37137
1690374726498 -37138
1690374726508 -37139
1690374726518 -37139
1690374726528 -37138
1690374726538 -37139
1690374726548 -37141
1690374726558 -37143
1690374726568 -37141
1690374726578 -37141
1690374726588 -37137
1690374726598 -37138
1690374726608 -37140
1690374726618 -37139
1690374726628 -37137
1690374726638 -37138
1690374726648 -37136
1690374726658 -37137
1690374726668 -37138
1690374726678 -37135
1690374726688 -37133
1690374726698 -37134
1690374726708 -37134
1690374726718 -37136
1690374726728 -37134
1690374726738 -37130
1690374726748 -37133
1690374726758 -37132
1690374726768 -37131
1690374726778 -37129
1690374726788 -37132
1690374726798 -37134
1690374726808 -37132
1690374726818 -37132
1690374726828 -37133
1690374726838 -37130
1690374726848 -37131
1690374726858 -37130
1690374726868 -37130
1690374726878 -37128
1690374726888 -37129
1690374726898 -37127
1690374726908 -37126
1690374726918 -37128
1690374726928 -37128
1690374726938 -37129
1690374726948 -37126
1690374726958 -37124
1690374726968 -37124
1690374726978 -37127
1690374726988 -37126
1690374726998 -37125
1690374727008 -37123
1690374727018 -37125
1690374727028 -37121
1690374727038 -37122
1690374727048 -37122
1690374727058 -37121
1690374727068 -37123
1690374727078 -37121
1690374727088 -37120
1690374727098 -37118
1690374727108 -37120
1690374727118 -37120
1690374727128 -37121
1690374727138 -37121
1690374727148 -37121
1690374727158 -37119
1690374727168 -37119
1690374727178 -37117
1690374727188 -37117
1690374727198 -37118
1690374727208 -37117
1690374727218 -37118
1690374727228 -37118
1690374727238 -37121
1690374727248 -37120
1690374727258 -37121
1690374727268 -37122
1690374727278 -37119
1690374727288 -37119
1690374727298 -37121
1690374727308 -37120
1690374727318 -37119
1690374727328 -37117
1690374727338 -37118
1690374727348 -37118
1690374727358 -37119
1690374727368 -37118
1690374727378 -37116
1690374727388 -37115
1690374727398 -37117
1690374727408 -37116
1690374727418 -37116
1690374727428 -37118
1690374727438 -37117
1690374727448 -37118
1690374727458 -37118
1690374727468 -37118
1690374727478 -37115
1690374727488 -37117
1690374727498 -37115
1690374727508 -37116
1690374727518 -37117
1690374727528 -37119
1690374727538 -37121
1690374727548 -37121
1690374727558 -37123
1690374727568 -37122
1690374727578 -37123
1690374727588 -37123
1690374727598 -37127
1690374727608 -37126
1690374727618 -37126
1690374727628 -37126
1690374727638 -37127
1690374727648 -37128
1690374727658 -37128
1690374727668 -37130
1690374727678 -37130
1690374727688 -37131
1690374727698 -37132
1690374727708 -37133
1690374727718 -37135
1690374727728 -37134
1690374727738 -37131
1690374727748 -37129
1690374727758 -37133
1690374727768 -37134
1690374727778 -37132
1690374727788 -37134
1690374727798 -37134
1690374727808 -37135
1690374727818 -37134
1690374727828 -37135
1690374727838 -37138
1690374727848 -37137
1690374727858 -37139
1690374727868 -37142
1690374727878 -37142
1690374727888 -37140
1690374727898 -37142
1690374727908 -37146
1690374727918 -37145
1690374727928 -37146
1690374727938 -37148
1690374727948 -37146
1690374727958 -37147
1690374727968 -37147
1690374727978 -37148
1690374727988 -37147
1690374727998 -37148
1690374728008 -37148
1690374728018 -37148
1690374728028 -37149
1690374728038 -37149
1690374728048 -37149
1690374728058 -37148
1690374728068 -37148
1690374728078 -37149
1690374728088 -37154
1690374728098 -37155
1690374728108 -37155
1690374728118 -37153
1690374728128 -37149
1690374728138 -37151
1690374728148 -37153
1690374728158 -37152
1690374728168 -37151
1690374728178 -37155
1690374728188 -37151
1690374728198 -37150
1690374728208 -37153
1690374728218 -37151
1690374728228 -37151
1690374728238 -37149
1690374728248 -37151
1690374728258 -37152
1690374728268 -37154
1690374728278 -37153
1690374728288 -37154
1690374728298 -37155
1690374728308 -37152
1690374728318 -37156
1690374728328 -37155
1690374728338 -37158
1690374728348 -37160
1690374728358 -37160
1690374728368 -37161
1690374728378 -37157
1690374728388 -37157
1690374728398 -37156
1690374728408 -37155
1690374728418 -37157
1690374728428 -37156
1690374728438 -37159
1690374728448 -37158
1690374728458 -37159
1690374728468 -37160
1690374728478 -37155
1690374728488 -37154
1690374728498 -37154
1690374728508 -37154
1690374728518 -37154
1690374728528 -37156
1690374728538 -37157
1690374728548 -37156
1690374728558 -37156
1690374728568 -37157
1690374728578 -37155
1690374728588 -37158
1690374728598 -37158
1690374728608 -37155
1690374728618 -37157
1690374728628 -37158
1690374728638 -37159
1690374728648 -37159
1690374728658 -37155
1690374728668 -37157
1690374728678 -37158
1690374728688 -37154
1690374728698 -37156
1690374728708 -37157
1690374728718 -37160
1690374728728 -37157
1690374728738 -37156
1690374728748 -37161
1690374728758 -37159
1690374728768 -37160
1690374728778 -37160
1690374728788 -37162
1690374728798 -37162
1690374728808 -37160
1690374728818 -37163
1690374728828 -37166
1690374728838 -37167
1690374728848 -37167
1690374728858 -37167
1690374728868 -37166
1690374728878 -37168
1690374728888 -37165
1690374728898 -37168
1690374728908 -37168
1690374728918 -37165
1690374728928 -37164
1690374728938 -37165
1690374728948 -37166
1690374728958 -37165
1690374728968 -37164
1690374728978 -37164
1690374728988 -37165
1690374728998 -37160
1690374729008 -37162
1690374729018 -37163
1690374729028 -37163
1690374729038 -37162
1690374729048 -37163
1690374729058 -37164
1690374729068 -37163
1690374729078 -37162
1690374729088 -37161
1690374729098 -37163
1690374729108 -37162
1690374729118 -37161
1690374729128 -37161
1690374729138 -37164
1690374729148 -37164
1690374729158 -37165
1690374729168 -37164
1690374729178 -37161
1690374729188 -37164
1690374729198 -37162
1690374729208 -37161
1690374729218 -37161
1690374729228 -37159
1690374729238 -37160
1690374729248 -37160
1690374729258 -37159
1690374729268 -37155
1690374729278 -37156
1690374729288 -37157
1690374729298 -37155
1690374729308 -37159
1690374729318 -37161
1690374729328 -37161
1690374729338 -37159
1690374729348 -37158
1690374729358 -37155
1690374729368 -37157
1690374729378 -37157
1690374729388 -37157
1690374729398 -37157
1690374729408 -37155
1690374729418 -37154
1690374729428 -37153
1690374729438 -37155
1690374729448 -37152
1690374729458 -37153
1690374729468 -37153
1690374729478 -37152
1690374729488 -37154
1690374729498 -37153
1690374729508 -37152
1690374729518 -37153
1690374729528 -37150
1690374729538 -37149
1690374729548 -37149
1690374729558 -37149
1690374729568 -37150
1690374729578 -37150
1690374729588 -37150
1690374729598 -37146
1690374729608 -37146
1690374729618 -37147
1690374729628 -37145
1690374729638 -37147
1690374729648 -37145
1690374729658 -37145
1690374729668 -37148
1690374729678 -37147
1690374729688 -37147
1690374729698 -37147
1690374729708 -37145
1690374729718 -37144
1690374729728 -37147
1690374729738 -37144
1690374729748 -37145
1690374729758 -37142
1690374729768 -37142
1690374729778 -37142
1690374729788 -37141
1690374729798 -37141
1690374729808 -37138
1690374729818 -37142
1690374729828 -37141
1690374729838 -37137
1690374729848 -37139
1690374729858 -37138
1690374729868 -37138
1690374729878 -37138
1690374729888 -37137
1690374729898 -37139
1690374729908 -37134
1690374729918 -37135
1690374729928 -37133
1690374729938 -37129
1690374729948 -37131
1690374729958 -37134
1690374729968 -37133
1690374729978 -37132
1690374729988 -37134
1690374729998 -37132
1690374730008 -37132
1690374730018 -37132
1690374730028 -37132
1690374730038 -37130
1690374730048 -37130
1690374730058 -37132
1690374730068 -37133
1690374730078 -37131
1690374730088 -37133
1690374730098 -37130
1690374730108 -37128
1690374730118 -37130
1690374730128 -37129
1690374730138 -37130
1690374730148 -37129
1690374730158 -37128
1690374730168 -37128
1690374730178 -37128
1690374730188 -37125
1690374730198 -37125
1690374730208 -37124
1690374730218 -37125
1690374730228 -37123
1690374730238 -37119
1690374730248 -37124
1690374730258 -37123
1690374730268 -37122
1690374730278 -37124
1690374730288 -37122
1690374730298 -37121
1690374730308 -37123
1690374730318 -37124
1690374730328 -37127
1690374730338 -37127
1690374730348 -37125
1690374730358 -37125
1690374730368 -37123
1690374730378 -37122
1690374730388 -37123
1690374730398 -37123
1690374730408 -37127
1690374730418 -37125
1690374730428 -37124
1690374730438 -37124
1690374730448 -37122
1690374730458 -37122
1690374730468 -37124
1690374730478 -37122
1690374730488 -37122
1690374730498 -37122
1690374730508 -37123
1690374730518 -37126
1690374730528 -37123
1690374730538 -37119
1690374730548 -37117
1690374730558 -37119
1690374730568 -37119
1690374730578 -37119
1690374730588 -37120
1690374730598 -37118
1690374730608 -37116
1690374730618 -37116
1690374730628 -37118
1690374730638 -37120
1690374730648 -37117
1690374730658 -37118
1690374730668 -37118
1690374730678 -37115
1690374730688 -37114
1690374730698 -37115
1690374730708 -37116
1690374730718 -37114
1690374730728 -37114
1690374730738 -37113
1690374730748 -37113
1690374730758 -37113
1690374730768 -37112
1690374730778 -37113
1690374730788 -37114
1690374730798 -37114
1690374730808 -37112
1690374730818 -37110
1690374730828 -37111
1690374730838 -37114
1690374730848 -37113
1690374730858 -37111
1690374730868 -37110
1690374730878 -37112
1690374730888 -37113
1690374730898 -37112
1690374730908 -37113
1690374730918 -37112
1690374730928 -37114
1690374730938 -37115
1690374730948 -37117
1690374730958 -37115
1690374730968 -37113
1690374730978 -37115
1690374730988 -37114
1690374730998 -37114
1690374731008 -37113
1690374731018 -37111
1690374731028 -37112
1690374731038 -37113
1690374731048 -37113
1690374731058 -37113
1690374731068 -37112
1690374731078 -37112
1690374731088 -37115
1690374731098 -37110
1690374731108 -37109
1690374731118 -37111
1690374731128 -37112
1690374731138 -37111
1690374731148 -37109
1690374731158 -37110
1690374731168 -37108
1690374731178 -37109
1690374731188 -37108
1690374731198 -37112
1690374731208 -37113
1690374731218 -37111
1690374731228 -37110
1690374731238 -37108
1690374731248 -37111
1690374731258 -37110
1690374731268 -37111
1690374731278 -37111
1690374731288 -37112
1690374731298 -37110
1690374731308 -37109
1690374731318 -37110
1690374731328 -37111
1690374731338 -37114
1690374731348 -37113
1690374731358 -37114
1690374731368 -37115
1690374731378 -37113
1690374731388 -37115
1690374731398 -37115
1690374731408 -37115
1690374731418 -37114
1690374731428 -37111
1690374731438 -37112
1690374731448 -37111
1690374731458 -37112
1690374731468 -37110
1690374731478 -37110
1690374731488 -37110
1690374731498 -37110
1690374731508 -37113
1690374731518 -37113
1690374731528 -37112
1690374731538 -37112
1690374731548 -37114
1690374731558 -37113
1690374731568 -37113
1690374731578 -37114
1690374731588 -37113
1690374731598 -37115
1690374731608 -37115
1690374731618 -37114
1690374731628 -37115
1690374731638 -37112
1690374731648 -37113
